set Q := 
(0 , *) 32 , 33 , 34 , 35 , 36 , 31
(1 , *) 32 , 33 , 34 , 27
(2 , *) 32 , 33 , 26 , 27
(3 , *) 32 , 33 , 26 , 31
(4 , *) 32 , 35 , 17 , 14
(5 , *) 32 , 36 , 22 , 8 , 12
(6 , *) 32 , 36 , 22 , 34
(7 , *) 32 , 12 , 22 , 17 , 27
(8 , *) 32 , 20 , 34 , 27 , 22
(9 , *) 32 , 20 , 26 , 8 , 2 , 14
(10 , *) 32 , 20 , 26 , 25 , 27
(11 , *) 32 , 20 , 22 , 8
(12 , *) 32 , 31 , 25 , 26
(13 , *) 2 , 1 , 3 , 8
(14 , *) 2 , 1 , 3 , 4 , 5 , 6
(15 , *) 2 , 1 , 7 , 8
(16 , *) 2 , 5 , 20 , 23
(17 , *) 2 , 6 , 16 , 26 , 30
(18 , *) 2 , 6 , 16 , 4
(19 , *) 2 , 9 , 3 , 8
(20 , *) 2 , 9 , 3 , 4
(21 , *) 2 , 9 , 30 , 16 , 23
(22 , *) 2 , 9 , 14 , 8 , 7
(23 , *) 2 , 9 , 14 , 16 , 4
(24 , *) 2 , 26 , 16 , 14
(25 , *) 34 , 33 , 28 , 27
(26 , *) 34 , 33 , 28 , 35
(27 , *) 34 , 35 , 29 , 36
(28 , *) 34 , 35 , 29 , 28
(29 , *) 34 , 13 , 16 , 31
(30 , *) 34 , 13 , 27 , 20
(31 , *) 34 , 22 , 10 , 16 , 28 , 4
(32 , *) 34 , 22 , 10 , 24 , 20
(33 , *) 34 , 22 , 27 , 28 , 29
(34 , *) 34 , 22 , 36 , 24 , 29
(35 , *) 4 , 16 , 10 , 9 , 11
(36 , *) 4 , 16 , 18 , 11 , 6
(37 , *) 4 , 16 , 18 , 28 , 14
(38 , *) 4 , 1 , 19 , 22
(39 , *) 4 , 3 , 10 , 9
(40 , *) 4 , 3 , 10 , 5
(41 , *) 4 , 5 , 11 , 10
(42 , *) 4 , 5 , 11 , 6
(43 , *) 4 , 19 , 9 , 14
(44 , *) 35 , 31 , 21 , 33
(45 , *) 35 , 31 , 21 , 11 , 7
(46 , *) 35 , 36 , 30 , 29
(47 , *) 35 , 23 , 33 , 28 , 21
(48 , *) 35 , 23 , 29 , 17 , 11 , 5
(49 , *) 35 , 23 , 29 , 28 , 30
(50 , *) 35 , 23 , 21 , 11
(51 , *) 35 , 14 , 28 , 21 , 7
(52 , *) 6 , 1 , 36 , 31
(53 , *) 6 , 3 , 24 , 21
(54 , *) 6 , 36 , 12 , 24 , 18 , 30
(55 , *) 6 , 11 , 16 , 26 , 21 , 31
(56 , *) 6 , 11 , 12 , 18
(57 , *) 6 , 11 , 12 , 5
(58 , *) 6 , 30 , 18 , 16
(59 , *) 7 , 8 , 1 , 13
(60 , *) 7 , 8 , 13 , 14
(61 , *) 7 , 8 , 9 , 11 , 10 , 12
(62 , *) 7 , 19 , 9 , 21 , 14
(63 , *) 7 , 19 , 21 , 31
(64 , *) 7 , 19 , 13 , 1 , 25 , 31
(65 , *) 7 , 19 , 13 , 14
(66 , *) 7 , 21 , 9 , 11
(67 , *) 7 , 25 , 10 , 28
(68 , *) 11 , 8 , 26 , 29
(69 , *) 11 , 16 , 9 , 21 , 23
(70 , *) 11 , 16 , 10 , 17
(71 , *) 11 , 16 , 17 , 18 , 23
(72 , *) 11 , 12 , 10 , 17 , 5
(73 , *) 11 , 12 , 18 , 17
(74 , *) 12 , 27 , 9 , 30
(75 , *) 12 , 10 , 24 , 17 , 22
(76 , *) 12 , 10 , 22 , 8
(77 , *) 12 , 18 , 17 , 24
(78 , *) 12 , 36 , 24 , 22
(79 , *) 15 , 3 , 1 , 8 , 13
(80 , *) 15 , 3 , 1 , 5
(81 , *) 15 , 3 , 13 , 17 , 27
(82 , *) 15 , 3 , 5 , 10 , 17
(83 , *) 15 , 3 , 9 , 8 , 10
(84 , *) 15 , 3 , 9 , 33 , 27 , 21
(85 , *) 15 , 36 , 1 , 8 , 29 , 22
(86 , *) 15 , 36 , 18 , 33
(87 , *) 15 , 14 , 9 , 8
(88 , *) 15 , 14 , 9 , 16 , 21
(89 , *) 15 , 14 , 21 , 20
(90 , *) 15 , 14 , 13 , 8 , 20
(91 , *) 15 , 14 , 13 , 16 , 17 , 18
(92 , *) 15 , 16 , 10 , 9
(93 , *) 15 , 16 , 10 , 17 , 22
(94 , *) 15 , 16 , 22 , 21
(95 , *) 15 , 20 , 27 , 25 , 13
(96 , *) 15 , 20 , 27 , 21 , 22
(97 , *) 15 , 20 , 10 , 8 , 22
(98 , *) 15 , 20 , 10 , 25 , 5
(99 , *) 15 , 22 , 29 , 17 , 27
(100 , *) 15 , 25 , 1 , 29 , 5
(101 , *) 15 , 25 , 1 , 13
(102 , *) 15 , 25 , 29 , 27
(103 , *) 15 , 29 , 5 , 17
(104 , *) 19 , 21 , 33 , 9 , 23
(105 , *) 19 , 21 , 33 , 26 , 31
(106 , *) 19 , 21 , 20 , 24 , 22 , 23
(107 , *) 19 , 21 , 20 , 26 , 14
(108 , *) 19 , 13 , 20 , 25
(109 , *) 19 , 13 , 20 , 14
(110 , *) 19 , 25 , 26 , 20
(111 , *) 19 , 25 , 26 , 31
(112 , *) 23 , 16 , 17 , 22
(113 , *) 23 , 16 , 28 , 18 , 30
(114 , *) 23 , 16 , 28 , 21 , 22
(115 , *) 23 , 18 , 24 , 17
(116 , *) 23 , 18 , 24 , 30
(117 , *) 23 , 18 , 33 , 28
(118 , *) 23 , 22 , 24 , 17 , 29
(119 , *) 23 , 22 , 29 , 28
(120 , *) 23 , 24 , 30 , 29
(121 , *) 24 , 10 , 17 , 3
(122 , *) 24 , 36 , 29 , 30
(123 , *) 26 , 20 , 21 , 27
(124 , *) 26 , 28 , 16 , 21 , 14
(125 , *) 26 , 28 , 16 , 30
(126 , *) 26 , 28 , 27 , 33 , 21
(127 , *) 26 , 28 , 27 , 29 , 25 , 30
(128 , *) 28 , 22 , 21 , 27
;
set V := 1,2,3,4,5,6,7,8,9,10,11,12,13,14,15,16,17,18,19,20,21,22,23,24,25,26,27,28,29,30,31,32,33,34,35,36;
set E := (1, 2),(1, 3),(1, 36),(1, 5),(1, 6),(1, 7),(1, 8),(1, 13),(1, 15),(1, 19),(1, 22),(1, 25),(1, 4),(1, 29),(1, 31),(2, 32),(2, 3),(2, 4),(2, 5),(2, 6),(2, 7),(2, 8),(2, 9),(2, 14),(2, 16),(2, 20),(2, 23),(2, 26),(2, 30),(3, 4),(3, 5),(3, 6),(3, 33),(3, 8),(3, 9),(3, 10),(3, 13),(3, 15),(3, 17),(3, 21),(3, 24),(3, 27),(4, 5),(4, 6),(4, 9),(4, 10),(4, 11),(4, 34),(4, 14),(4, 16),(4, 18),(4, 19),(4, 22),(4, 28),(5, 6),(5, 10),(5, 11),(5, 12),(5, 15),(5, 17),(5, 35),(5, 20),(5, 23),(5, 25),(5, 29),(6, 11),(6, 12),(6, 16),(6, 18),(6, 21),(6, 24),(6, 36),(6, 26),(6, 30),(6, 31),(7, 35),(7, 8),(7, 9),(7, 10),(7, 11),(7, 12),(7, 13),(7, 14),(7, 19),(7, 21),(7, 25),(7, 28),(7, 31),(8, 32),(8, 36),(8, 9),(8, 10),(8, 11),(8, 12),(8, 13),(8, 14),(8, 15),(8, 20),(8, 22),(8, 26),(8, 29),(9, 33),(9, 10),(9, 11),(9, 12),(9, 14),(9, 15),(9, 16),(9, 19),(9, 21),(9, 23),(9, 27),(9, 30),(10, 34),(10, 11),(10, 12),(10, 15),(10, 16),(10, 17),(10, 20),(10, 22),(10, 24),(10, 25),(10, 28),(11, 35),(11, 12),(11, 16),(11, 17),(11, 18),(11, 21),(11, 23),(11, 26),(11, 29),(11, 31),(12, 32),(12, 36),(12, 17),(12, 18),(12, 22),(12, 24),(12, 27),(12, 30),(13, 34),(13, 14),(13, 15),(13, 16),(13, 17),(13, 18),(13, 19),(13, 20),(13, 25),(13, 27),(13, 31),(14, 32),(14, 35),(14, 15),(14, 16),(14, 17),(14, 18),(14, 19),(14, 20),(14, 21),(14, 26),(14, 28),(15, 36),(15, 33),(15, 16),(15, 17),(15, 18),(15, 20),(15, 21),(15, 22),(15, 25),(15, 27),(15, 29),(16, 34),(16, 17),(16, 18),(16, 21),(16, 22),(16, 23),(16, 26),(16, 28),(16, 30),(16, 31),(17, 32),(17, 18),(17, 35),(17, 22),(17, 23),(17, 24),(17, 27),(17, 29),(18, 33),(18, 23),(18, 24),(18, 36),(18, 28),(18, 30),(19, 33),(19, 20),(19, 21),(19, 22),(19, 23),(19, 24),(19, 25),(19, 26),(19, 31),(20, 32),(20, 34),(20, 21),(20, 22),(20, 23),(20, 24),(20, 25),(20, 26),(20, 27),(21, 35),(21, 33),(21, 22),(21, 23),(21, 24),(21, 26),(21, 27),(21, 28),(21, 31),(22, 32),(22, 34),(22, 23),(22, 24),(22, 36),(22, 27),(22, 28),(22, 29),(23, 33),(23, 35),(23, 24),(23, 28),(23, 29),(23, 30),(24, 34),(24, 36),(24, 29),(24, 30),(25, 32),(25, 26),(25, 27),(25, 28),(25, 29),(25, 30),(25, 31),(26, 32),(26, 33),(26, 27),(26, 28),(26, 29),(26, 30),(26, 31),(27, 32),(27, 33),(27, 34),(27, 28),(27, 29),(27, 30),(28, 33),(28, 34),(28, 35),(28, 29),(28, 30),(29, 34),(29, 35),(29, 36),(29, 30),(30, 35),(30, 36),(31, 32),(31, 34),(31, 35),(31, 36),(31, 33),(32, 33),(32, 35),(32, 36),(32, 34),(33, 35),(33, 34),(33, 36),(34, 35),(34, 36),(35, 36);
set Idx := 0,1,2,3,4,5,6,7,8,9,10,11,12,13,14,15,16,17,18,19,20,21,22,23,24,25,26,27,28,29,30,31,32,33,34,35,36,37,38,39,40,41,42,43,44,45,46,47,48,49,50,51,52,53,54,55,56,57,58,59,60,61,62,63,64,65,66,67,68,69,70,71,72,73,74,75,76,77,78,79,80,81,82,83,84,85,86,87,88,89,90,91,92,93,94,95,96,97,98,99,100,101,102,103,104,105,106,107,108,109,110,111,112,113,114,115,116,117,118,119,120,121,122,123,124,125,126,127,128;
set cnt := (31, 6),(13, 4),(114, 5),(19, 4),(18, 4),(24, 4),(39, 4),(97, 5),(44, 4),(8, 5),(102, 4),(101, 4),(5, 5),(112, 4),(90, 5),(96, 5),(15, 4),(20, 4),(93, 5),(99, 5),(57, 4),(78, 4),(77, 4),(103, 4),(7, 5),(108, 4),(62, 5),(85, 6),(72, 5),(49, 5),(69, 5),(75, 5),(95, 5),(53, 4),(59, 4),(58, 4),(61, 6),(121, 4),(45, 5),(51, 5),(71, 5),(126, 5),(30, 4),(29, 4),(40, 4),(113, 5),(60, 4),(117, 4),(123, 4),(21, 5),(122, 4),(47, 5),(6, 4),(11, 4),(16, 4),(91, 6),(14, 6),(73, 4),(94, 4),(119, 4),(23, 5),(82, 5),(106, 6),(88, 5),(12, 4),(70, 4),(74, 4),(80, 4),(48, 6),(25, 4),(46, 4),(50, 4),(56, 4),(76, 4),(54, 6),(34, 5),(17, 5),(37, 5),(1, 4),(118, 5),(27, 4),(26, 4),(105, 5),(52, 4),(9, 6),(10, 5),(127, 6),(89, 4),(36, 5),(110, 4),(109, 4),(115, 4),(120, 4),(0, 6),(98, 5),(3, 4),(2, 4),(104, 5),(124, 5),(81, 5),(28, 4),(107, 5),(65, 4),(86, 4),(111, 4),(116, 4),(100, 5),(4, 4),(83, 5),(64, 6),(84, 6),(41, 4),(128, 4),(67, 4),(66, 4),(87, 4),(92, 4),(33, 5),(55, 6),(79, 5),(38, 4),(43, 4),(42, 4),(63, 4),(68, 4),(22, 5),(32, 5),(125, 4),(35, 5);