set Q := 
(0 , *) 128 , 116 , 133
(1 , *) 1 , 36
(2 , *) 2 , 45
(3 , *) 3 , 74
(4 , *) 129 , 135
(5 , *) 5 , 36
(6 , *) 131 , 72 , 49 , 116 , 133
(7 , *) 133 , 72 , 116 , 106 , 36
(8 , *) 133 , 72 , 116 , 109
(9 , *) 133 , 72 , 111
(10 , *) 133 , 42
(11 , *) 134 , 138 , 85 , 53
(12 , *) 137 , 116 , 49
(13 , *) 137 , 116 , 36
(14 , *) 137 , 116 , 109
(15 , *) 10 , 98 , 95
(16 , *) 12 , 104 , 61 , 95
(17 , *) 14 , 74 , 78 , 135
(18 , *) 17 , 74 , 20 , 78 , 135
(19 , *) 18 , 130 , 74 , 138 , 68 , 20 , 46
(20 , *) 18 , 132 , 8
(21 , *) 18 , 4
(22 , *) 18 , 9 , 136 , 89 , 138 , 83 , 135
(23 , *) 18 , 15
(24 , *) 18 , 19 , 136 , 89 , 74 , 138 , 78
(25 , *) 18 , 23
(26 , *) 18 , 29 , 74 , 138 , 127
(27 , *) 18 , 29 , 74 , 138 , 135 , 20 , 95
(28 , *) 18 , 31
(29 , *) 18 , 35 , 64 , 90
(30 , *) 18 , 36 , 100 , 95 , 72 , 33
(31 , *) 18 , 36 , 100 , 95 , 99 , 51 , 76
(32 , *) 18 , 36 , 6 , 136 , 74 , 45
(33 , *) 18 , 36 , 6 , 136 , 74 , 21
(34 , *) 18 , 36 , 103 , 13
(35 , *) 18 , 36 , 138 , 64 , 95 , 136 , 45
(36 , *) 18 , 36 , 138 , 64 , 95 , 33 , 72
(37 , *) 18 , 36 , 138 , 74 , 136 , 21 , 20
(38 , *) 18 , 36 , 138 , 74 , 136 , 45 , 95
(39 , *) 18 , 36 , 138 , 74 , 136 , 135 , 99 , 116 , 81 , 91 , 7
(40 , *) 18 , 36 , 138 , 74 , 136 , 135 , 99 , 116 , 95
(41 , *) 18 , 36 , 138 , 74 , 136 , 135 , 108 , 89 , 85
(42 , *) 18 , 36 , 138 , 74 , 136 , 135 , 108 , 95
(43 , *) 18 , 36 , 138 , 74 , 136 , 135 , 83 , 89
(44 , *) 18 , 36 , 138 , 74 , 136 , 135 , 83 , 59
(45 , *) 18 , 36 , 138 , 74 , 136 , 135 , 20 , 95
(46 , *) 18 , 36 , 138 , 74 , 33 , 72 , 89
(47 , *) 18 , 36 , 138 , 74 , 33 , 72 , 95
(48 , *) 18 , 36 , 138 , 74 , 33 , 16 , 20
(49 , *) 18 , 36 , 138 , 74 , 33 , 20 , 95
(50 , *) 18 , 36 , 138 , 74 , 72 , 108 , 89 , 85
(51 , *) 18 , 36 , 138 , 74 , 72 , 108 , 95
(52 , *) 18 , 36 , 138 , 74 , 72 , 116 , 95
(53 , *) 18 , 36 , 138 , 74 , 127 , 45
(54 , *) 18 , 36 , 138 , 118 , 85
(55 , *) 18 , 36 , 138 , 118 , 7
(56 , *) 18 , 36 , 11 , 74
(57 , *) 18 , 36 , 79 , 72 , 28
(58 , *) 18 , 36 , 79 , 72 , 95
(59 , *) 18 , 36 , 80
(60 , *) 18 , 36 , 26 , 136 , 64 , 95
(61 , *) 18 , 39
(62 , *) 18 , 40 , 64 , 62
(63 , *) 18 , 41 , 127
(64 , *) 18 , 44 , 74 , 21
(65 , *) 18 , 50 , 96
(66 , *) 18 , 53 , 138 , 85 , 118
(67 , *) 18 , 55 , 123 , 92
(68 , *) 18 , 63 , 83
(69 , *) 18 , 68 , 21 , 74 , 138 , 20
(70 , *) 18 , 75 , 74
(71 , *) 18 , 78 , 74 , 138 , 136 , 21 , 20
(72 , *) 18 , 78 , 74 , 138 , 136 , 135 , 89
(73 , *) 18 , 78 , 74 , 138 , 136 , 135 , 99
(74 , *) 18 , 78 , 74 , 138 , 136 , 135 , 20
(75 , *) 18 , 78 , 74 , 138 , 33 , 89
(76 , *) 18 , 78 , 74 , 138 , 33 , 20
(77 , *) 18 , 78 , 74 , 123 , 92
(78 , *) 18 , 78 , 74 , 92 , 20 , 21
(79 , *) 18 , 87
(80 , *) 18 , 88
(81 , *) 18 , 105 , 74
(82 , *) 18 , 107
(83 , *) 18 , 113
(84 , *) 18 , 114
(85 , *) 18 , 121
(86 , *) 22 , 72 , 54 , 95
(87 , *) 24 , 72 , 116
(88 , *) 25 , 72 , 122 , 95
(89 , *) 27 , 30
(90 , *) 30 , 74 , 95 , 72
(91 , *) 30 , 74 , 95 , 20 , 29
(92 , *) 30 , 69
(93 , *) 32 , 101 , 72 , 73 , 57 , 77 , 70
(94 , *) 34 , 100 , 61 , 94 , 95
(95 , *) 37 , 72 , 116 , 36 , 77 , 95
(96 , *) 38 , 72 , 95
(97 , *) 43 , 122
(98 , *) 47 , 72 , 138 , 95
(99 , *) 47 , 72 , 84
(100 , *) 48 , 36
(101 , *) 52 , 106 , 116 , 36
(102 , *) 54 , 72 , 57 , 77 , 70
(103 , *) 54 , 72 , 67 , 77
(104 , *) 54 , 72 , 95 , 33 , 64 , 120 , 138
(105 , *) 54 , 72 , 95 , 33 , 100
(106 , *) 54 , 72 , 95 , 77 , 70
(107 , *) 56 , 72
(108 , *) 58 , 89 , 138 , 85 , 126
(109 , *) 60 , 74 , 117 , 135
(110 , *) 61 , 95 , 82 , 45
(111 , *) 65 , 135 , 74 , 95
(112 , *) 66 , 36
(113 , *) 69 , 86
(114 , *) 70 , 72 , 77 , 116 , 95
(115 , *) 71 , 36
(116 , *) 84 , 72 , 102
(117 , *) 93 , 95 , 97 , 115
(118 , *) 93 , 95 , 36 , 136 , 115
(119 , *) 93 , 95 , 36 , 72
(120 , *) 98 , 124 , 95
(121 , *) 106 , 36 , 72 , 95 , 108
(122 , *) 106 , 36 , 72 , 95 , 116
(123 , *) 109 , 72 , 116 , 95
(124 , *) 110 , 72 , 100 , 95
(125 , *) 112 , 72 , 138 , 120
(126 , *) 112 , 72 , 138 , 116
(127 , *) 115 , 36 , 136 , 45 , 95
(128 , *) 119 , 74 , 135
(129 , *) 125 , 36
(130 , *) 126 , 118 , 138 , 85
;
set V := 1,2,3,4,5,6,7,8,9,10,11,12,13,14,15,16,17,18,19,20,21,22,23,24,25,26,27,28,29,30,31,32,33,34,35,36,37,38,39,40,41,42,43,44,45,46,47,48,49,50,51,52,53,54,55,56,57,58,59,60,61,62,63,64,65,66,67,68,69,70,71,72,73,74,75,76,77,78,79,80,81,82,83,84,85,86,87,88,89,90,91,92,93,94,95,96,97,98,99,100,101,102,103,104,105,106,107,108,109,110,111,112,113,114,115,116,117,118,119,120,121,122,123,124,125,126,127,128,129,130,131,132,133,134,135,136,137,138;
set E := (1, 36),(2, 45),(3, 74),(4, 18),(5, 36),(6, 18),(6, 36),(6, 21),(6, 136),(6, 74),(6, 45),(7, 81),(7, 18),(7, 99),(7, 116),(7, 118),(7, 135),(7, 136),(7, 36),(7, 74),(7, 91),(7, 138),(8, 18),(8, 132),(9, 18),(9, 83),(9, 135),(9, 136),(9, 89),(9, 138),(10, 98),(10, 95),(11, 74),(11, 36),(11, 18),(12, 104),(12, 61),(12, 95),(13, 18),(13, 36),(13, 103),(14, 74),(14, 78),(14, 135),(15, 18),(16, 33),(16, 18),(16, 36),(16, 20),(16, 138),(16, 74),(17, 74),(17, 20),(17, 78),(17, 135),(18, 130),(18, 138),(18, 19),(18, 20),(18, 21),(18, 23),(18, 132),(18, 26),(18, 28),(18, 29),(18, 31),(18, 33),(18, 35),(18, 36),(18, 39),(18, 40),(18, 41),(18, 135),(18, 44),(18, 45),(18, 46),(18, 136),(18, 50),(18, 51),(18, 53),(18, 55),(18, 59),(18, 62),(18, 63),(18, 64),(18, 68),(18, 72),(18, 74),(18, 75),(18, 76),(18, 78),(18, 79),(18, 80),(18, 81),(18, 83),(18, 85),(18, 87),(18, 88),(18, 89),(18, 90),(18, 91),(18, 92),(18, 95),(18, 96),(18, 99),(18, 100),(18, 103),(18, 105),(18, 107),(18, 108),(18, 113),(18, 114),(18, 116),(18, 118),(18, 121),(18, 123),(18, 127),(19, 136),(19, 89),(19, 74),(19, 138),(19, 78),(20, 33),(20, 130),(20, 68),(20, 135),(20, 136),(20, 138),(20, 46),(20, 78),(20, 74),(20, 21),(20, 36),(20, 92),(20, 29),(20, 30),(20, 95),(21, 92),(21, 68),(21, 136),(21, 138),(21, 44),(21, 74),(21, 78),(21, 36),(22, 72),(22, 54),(22, 95),(24, 72),(24, 116),(25, 72),(25, 122),(25, 95),(26, 136),(26, 64),(26, 36),(26, 95),(27, 30),(28, 72),(28, 36),(28, 79),(29, 135),(29, 138),(29, 95),(29, 74),(29, 30),(29, 127),(30, 69),(30, 72),(30, 74),(30, 95),(32, 101),(32, 70),(32, 73),(32, 72),(32, 57),(32, 77),(33, 64),(33, 100),(33, 36),(33, 72),(33, 74),(33, 78),(33, 54),(33, 120),(33, 89),(33, 138),(33, 95),(34, 100),(34, 61),(34, 94),(34, 95),(35, 64),(35, 90),(36, 133),(36, 135),(36, 136),(36, 137),(36, 138),(36, 37),(36, 45),(36, 48),(36, 51),(36, 52),(36, 59),(36, 64),(36, 66),(36, 71),(36, 72),(36, 74),(36, 76),(36, 77),(36, 79),(36, 80),(36, 81),(36, 83),(36, 85),(36, 89),(36, 91),(36, 93),(36, 95),(36, 99),(36, 100),(36, 103),(36, 106),(36, 108),(36, 115),(36, 116),(36, 118),(36, 125),(36, 127),(37, 72),(37, 116),(37, 77),(37, 95),(38, 72),(38, 95),(40, 64),(40, 62),(41, 127),(42, 133),(43, 122),(44, 74),(45, 64),(45, 136),(45, 74),(45, 82),(45, 115),(45, 138),(45, 127),(45, 61),(45, 95),(46, 68),(46, 130),(46, 74),(46, 138),(47, 72),(47, 138),(47, 84),(47, 95),(49, 72),(49, 137),(49, 131),(49, 116),(49, 133),(50, 96),(51, 99),(51, 100),(51, 76),(51, 95),(52, 116),(52, 106),(53, 138),(53, 85),(53, 118),(53, 134),(54, 64),(54, 67),(54, 100),(54, 70),(54, 72),(54, 138),(54, 77),(54, 120),(54, 57),(54, 95),(55, 123),(55, 92),(56, 72),(57, 70),(57, 72),(57, 73),(57, 77),(57, 101),(58, 89),(58, 138),(58, 85),(58, 126),(59, 83),(59, 135),(59, 136),(59, 74),(59, 138),(60, 74),(60, 117),(60, 135),(61, 100),(61, 82),(61, 104),(61, 94),(61, 95),(62, 64),(63, 83),(64, 138),(64, 136),(64, 72),(64, 120),(64, 90),(64, 95),(65, 74),(65, 135),(65, 95),(67, 72),(67, 77),(68, 138),(68, 74),(68, 130),(69, 86),(70, 116),(70, 101),(70, 73),(70, 72),(70, 77),(70, 95),(72, 100),(72, 133),(72, 73),(72, 74),(72, 138),(72, 77),(72, 79),(72, 120),(72, 131),(72, 84),(72, 85),(72, 89),(72, 111),(72, 93),(72, 101),(72, 106),(72, 108),(72, 109),(72, 110),(72, 112),(72, 116),(72, 122),(72, 95),(72, 102),(73, 101),(73, 77),(74, 130),(74, 136),(74, 138),(74, 135),(74, 75),(74, 78),(74, 81),(74, 83),(74, 85),(74, 89),(74, 91),(74, 92),(74, 95),(74, 99),(74, 105),(74, 108),(74, 116),(74, 117),(74, 119),(74, 123),(74, 127),(76, 99),(76, 100),(76, 95),(77, 116),(77, 95),(77, 101),(78, 99),(78, 135),(78, 136),(78, 89),(78, 123),(78, 92),(78, 138),(79, 95),(81, 136),(81, 99),(81, 91),(81, 116),(81, 135),(81, 138),(82, 95),(83, 89),(83, 136),(83, 135),(83, 138),(84, 102),(85, 134),(85, 135),(85, 136),(85, 108),(85, 118),(85, 89),(85, 138),(85, 126),(89, 135),(89, 108),(89, 136),(89, 138),(89, 126),(91, 99),(91, 136),(91, 116),(91, 135),(91, 138),(92, 123),(93, 136),(93, 115),(93, 97),(93, 95),(94, 100),(94, 95),(95, 135),(95, 136),(95, 138),(95, 97),(95, 98),(95, 99),(95, 100),(95, 104),(95, 106),(95, 108),(95, 109),(95, 110),(95, 115),(95, 116),(95, 120),(95, 122),(95, 124),(97, 115),(98, 124),(99, 136),(99, 135),(99, 116),(99, 100),(99, 138),(100, 110),(106, 116),(106, 133),(106, 108),(108, 136),(108, 138),(108, 135),(109, 137),(109, 116),(109, 133),(111, 133),(112, 120),(112, 138),(112, 116),(115, 136),(116, 128),(116, 131),(116, 133),(116, 137),(116, 135),(116, 136),(116, 138),(117, 135),(118, 138),(118, 126),(119, 135),(120, 138),(126, 138),(127, 138),(128, 133),(129, 135),(130, 138),(131, 133),(134, 138),(135, 136),(135, 138),(136, 138);
set Idx := 0,1,2,3,4,5,6,7,8,9,10,11,12,13,14,15,16,17,18,19,20,21,22,23,24,25,26,27,28,29,30,31,32,33,34,35,36,37,38,39,40,41,42,43,44,45,46,47,48,49,50,51,52,53,54,55,56,57,58,59,60,61,62,63,64,65,66,67,68,69,70,71,72,73,74,75,76,77,78,79,80,81,82,83,84,85,86,87,88,89,90,91,92,93,94,95,96,97,98,99,100,101,102,103,104,105,106,107,108,109,110,111,112,113,114,115,116,117,118,119,120,121,122,123,124,125,126,127,128,129,130;
set cnt := (55, 5),(114, 5),(37, 7),(101, 4),(79, 2),(84, 2),(115, 2),(68, 3),(39, 11),(75, 6),(3, 2),(95, 6),(9, 3),(88, 4),(103, 4),(7, 5),(66, 5),(74, 7),(76, 6),(64, 4),(20, 3),(43, 8),(21, 2),(46, 7),(32, 6),(29, 4),(34, 4),(59, 3),(36, 7),(13, 3),(19, 7),(18, 5),(117, 4),(22, 7),(123, 4),(45, 8),(2, 2),(104, 7),(50, 8),(100, 2),(102, 5),(106, 5),(11, 4),(16, 4),(85, 2),(87, 3),(120, 3),(98, 4),(119, 4),(124, 4),(107, 2),(112, 2),(108, 5),(61, 2),(91, 5),(14, 3),(63, 3),(96, 3),(130, 4),(73, 7),(97, 2),(93, 7),(99, 3),(54, 5),(78, 6),(58, 5),(83, 2),(128, 3),(129, 2),(49, 7),(23, 2),(56, 4),(28, 2),(52, 7),(33, 6),(53, 6),(35, 7),(12, 3),(42, 8),(65, 3),(38, 7),(15, 3),(118, 5),(122, 5),(4, 2),(105, 5),(6, 5),(30, 6),(31, 7),(110, 4),(109, 4),(92, 2),(94, 5),(25, 2),(8, 4),(82, 2),(127, 5),(41, 9),(113, 2),(86, 4),(90, 4),(72, 7),(111, 4),(0, 3),(44, 8),(1, 2),(57, 5),(77, 5),(40, 9),(89, 2),(62, 4),(67, 4),(48, 7),(69, 6),(51, 7),(71, 7),(80, 2),(81, 3),(60, 6),(17, 4),(24, 7),(116, 3),(121, 5),(70, 3),(27, 7),(26, 5),(47, 7),(126, 4),(125, 4),(5, 2),(10, 2);