set Q := 
(0 , *) 1 , 2 , 129 , 96 , 34 , 71 , 60 , 127 , 83 , 85 , 86 , 89 , 90 , 92 , 93 , 95
(1 , *) 1 , 2 , 3 , 60
(2 , *) 1 , 2 , 3 , 14 , 59
(3 , *) 1 , 2 , 3 , 14 , 13 , 57
(4 , *) 1 , 2 , 3 , 14 , 13 , 58
(5 , *) 1 , 2 , 3 , 14 , 13 , 12 , 56
(6 , *) 1 , 2 , 3 , 14 , 13 , 12 , 11 , 16 , 10 , 9 , 8 , 41
(7 , *) 1 , 2 , 3 , 14 , 13 , 12 , 11 , 16 , 10 , 9 , 8 , 7 , 40
(8 , *) 1 , 2 , 3 , 14 , 13 , 12 , 11 , 16 , 10 , 9 , 8 , 7 , 6 , 5 , 4 , 15 , 48
(9 , *) 1 , 2 , 3 , 14 , 13 , 12 , 11 , 16 , 10 , 9 , 8 , 7 , 6 , 5 , 4 , 15 , 49 , 50 , 51 , 52 , 53 , 54 , 161 , 162 , 163
(10 , *) 1 , 2 , 3 , 14 , 13 , 12 , 11 , 16 , 10 , 9 , 8 , 7 , 6 , 5 , 4 , 15 , 49 , 50 , 51 , 52 , 53 , 54 , 179
(11 , *) 1 , 2 , 3 , 14 , 13 , 12 , 11 , 16 , 10 , 9 , 8 , 7 , 6 , 5 , 4 , 15 , 49 , 50 , 51 , 52 , 53 , 54 , 180
(12 , *) 1 , 2 , 3 , 14 , 13 , 12 , 11 , 16 , 10 , 9 , 8 , 7 , 6 , 5 , 4 , 15 , 49 , 50 , 51 , 52 , 53 , 54 , 61 , 63 , 64
(13 , *) 1 , 2 , 3 , 14 , 13 , 12 , 11 , 16 , 10 , 9 , 8 , 7 , 6 , 5 , 4 , 15 , 49 , 50 , 51 , 52 , 53 , 54 , 61 , 63 , 65 , 66 , 67 , 70 , 128 , 130 , 132
(14 , *) 1 , 2 , 3 , 14 , 13 , 12 , 11 , 16 , 10 , 9 , 8 , 7 , 6 , 5 , 4 , 15 , 49 , 50 , 51 , 52 , 53 , 54 , 61 , 63 , 65 , 66 , 67 , 70 , 128 , 133
(15 , *) 1 , 2 , 3 , 14 , 13 , 12 , 11 , 16 , 10 , 9 , 8 , 7 , 6 , 5 , 4 , 15 , 49 , 50 , 51 , 52 , 53 , 54 , 61 , 63 , 65 , 66 , 67 , 70 , 134 , 136
(16 , *) 1 , 2 , 3 , 14 , 13 , 12 , 11 , 16 , 10 , 9 , 8 , 7 , 6 , 5 , 4 , 15 , 49 , 50 , 51 , 52 , 53 , 54 , 61 , 63 , 65 , 66 , 67 , 70 , 137
(17 , *) 1 , 2 , 3 , 14 , 13 , 12 , 11 , 16 , 10 , 9 , 8 , 7 , 6 , 5 , 4 , 15 , 49 , 50 , 51 , 52 , 53 , 54 , 61 , 63 , 65 , 66 , 67 , 70 , 141 , 144
(18 , *) 1 , 2 , 3 , 14 , 13 , 12 , 11 , 16 , 10 , 9 , 8 , 7 , 6 , 5 , 4 , 15 , 49 , 50 , 51 , 52 , 53 , 54 , 61 , 63 , 65 , 66 , 67 , 70 , 141 , 142 , 143
(19 , *) 1 , 2 , 3 , 14 , 13 , 12 , 11 , 16 , 10 , 9 , 8 , 7 , 6 , 5 , 4 , 15 , 49 , 50 , 51 , 52 , 53 , 54 , 61 , 63 , 65 , 66 , 67 , 70 , 145 , 146
(20 , *) 1 , 2 , 3 , 14 , 13 , 12 , 11 , 16 , 10 , 9 , 8 , 7 , 6 , 5 , 4 , 15 , 49 , 50 , 51 , 52 , 53 , 54 , 61 , 63 , 65 , 66 , 67 , 70 , 147
(21 , *) 1 , 2 , 3 , 14 , 13 , 12 , 11 , 16 , 10 , 9 , 8 , 7 , 6 , 5 , 4 , 15 , 49 , 50 , 51 , 52 , 53 , 54 , 61 , 63 , 65 , 66 , 67 , 70 , 100
(22 , *) 1 , 2 , 3 , 14 , 13 , 12 , 11 , 16 , 10 , 9 , 8 , 7 , 6 , 5 , 4 , 15 , 49 , 50 , 51 , 52 , 53 , 54 , 61 , 63 , 65 , 66 , 67 , 70 , 101
(23 , *) 1 , 2 , 3 , 14 , 13 , 12 , 11 , 16 , 10 , 9 , 8 , 7 , 6 , 5 , 4 , 15 , 49 , 50 , 51 , 52 , 53 , 54 , 61 , 63 , 65 , 66 , 67 , 70 , 102
(24 , *) 1 , 2 , 3 , 14 , 13 , 12 , 11 , 16 , 10 , 9 , 8 , 7 , 6 , 5 , 4 , 15 , 49 , 50 , 51 , 52 , 53 , 54 , 61 , 63 , 65 , 66 , 67 , 70 , 103
(25 , *) 1 , 2 , 3 , 14 , 13 , 12 , 11 , 16 , 10 , 9 , 8 , 7 , 6 , 5 , 4 , 15 , 49 , 50 , 51 , 52 , 53 , 54 , 61 , 63 , 65 , 66 , 67 , 70 , 104
(26 , *) 1 , 2 , 3 , 14 , 13 , 12 , 11 , 16 , 10 , 9 , 8 , 7 , 6 , 5 , 4 , 15 , 49 , 50 , 51 , 52 , 53 , 54 , 61 , 63 , 65 , 66 , 67 , 70 , 105
(27 , *) 1 , 2 , 3 , 14 , 13 , 12 , 11 , 16 , 10 , 9 , 8 , 7 , 6 , 5 , 4 , 15 , 49 , 50 , 51 , 52 , 53 , 54 , 61 , 63 , 65 , 66 , 67 , 70 , 106
(28 , *) 1 , 2 , 3 , 14 , 13 , 12 , 11 , 16 , 10 , 9 , 8 , 7 , 6 , 5 , 4 , 15 , 49 , 50 , 51 , 52 , 53 , 54 , 61 , 63 , 65 , 66 , 67 , 70 , 107 , 33
(29 , *) 1 , 2 , 3 , 14 , 13 , 12 , 11 , 16 , 10 , 9 , 8 , 7 , 6 , 5 , 4 , 15 , 49 , 50 , 51 , 52 , 53 , 54 , 61 , 63 , 65 , 66 , 67 , 70 , 107 , 151
(30 , *) 1 , 2 , 3 , 14 , 13 , 12 , 11 , 16 , 10 , 9 , 8 , 7 , 6 , 5 , 4 , 15 , 49 , 50 , 51 , 52 , 53 , 54 , 61 , 63 , 65 , 66 , 67 , 70 , 107 , 152
(31 , *) 1 , 2 , 3 , 14 , 13 , 12 , 11 , 16 , 10 , 9 , 8 , 7 , 6 , 5 , 4 , 15 , 49 , 50 , 51 , 52 , 53 , 54 , 61 , 63 , 65 , 66 , 67 , 70 , 107 , 153
(32 , *) 1 , 2 , 3 , 14 , 13 , 12 , 11 , 16 , 10 , 9 , 8 , 7 , 6 , 5 , 4 , 15 , 49 , 50 , 51 , 52 , 53 , 54 , 61 , 63 , 65 , 66 , 67 , 70 , 107 , 154
(33 , *) 1 , 2 , 3 , 14 , 13 , 12 , 11 , 16 , 10 , 9 , 8 , 7 , 6 , 5 , 4 , 15 , 49 , 50 , 51 , 52 , 53 , 54 , 61 , 63 , 65 , 66 , 67 , 70 , 107 , 155
(34 , *) 1 , 2 , 3 , 14 , 13 , 12 , 11 , 16 , 10 , 9 , 8 , 7 , 6 , 5 , 4 , 15 , 49 , 50 , 51 , 52 , 53 , 54 , 61 , 63 , 65 , 66 , 67 , 70 , 111 , 33
(35 , *) 1 , 2 , 3 , 14 , 13 , 12 , 11 , 16 , 10 , 9 , 8 , 7 , 6 , 5 , 4 , 15 , 49 , 50 , 51 , 52 , 53 , 54 , 61 , 63 , 65 , 66 , 67 , 70 , 112
(36 , *) 1 , 2 , 3 , 14 , 13 , 12 , 11 , 16 , 10 , 9 , 8 , 7 , 6 , 5 , 4 , 15 , 49 , 50 , 51 , 52 , 53 , 54 , 61 , 63 , 65 , 66 , 67 , 70 , 117 , 118
(37 , *) 1 , 2 , 3 , 14 , 13 , 12 , 11 , 16 , 10 , 9 , 8 , 7 , 6 , 5 , 4 , 15 , 49 , 50 , 51 , 52 , 53 , 54 , 61 , 63 , 65 , 66 , 67 , 70 , 120
(38 , *) 1 , 2 , 3 , 14 , 13 , 12 , 11 , 16 , 10 , 9 , 8 , 7 , 6 , 5 , 4 , 15 , 46
(39 , *) 1 , 2 , 3 , 14 , 13 , 12 , 11 , 16 , 10 , 9 , 8 , 7 , 6 , 5 , 4 , 15 , 47
(40 , *) 1 , 2 , 3 , 14 , 13 , 12 , 11 , 16 , 10 , 9 , 8 , 7 , 6 , 5 , 38
(41 , *) 1 , 2 , 3 , 14 , 13 , 12 , 11 , 16 , 10 , 9 , 8 , 7 , 6 , 39
(42 , *) 1 , 2 , 3 , 14 , 13 , 12 , 11 , 16 , 10 , 9 , 42
(43 , *) 1 , 2 , 3 , 14 , 13 , 12 , 11 , 16 , 10 , 43
(44 , *) 1 , 2 , 3 , 14 , 13 , 12 , 11 , 16 , 44
(45 , *) 1 , 2 , 3 , 14 , 13 , 12 , 11 , 45
(46 , *) 1 , 2 , 3 , 14 , 13 , 12 , 55
(47 , *) 1 , 2 , 131 , 96 , 34 , 71 , 60 , 127 , 83 , 85 , 86 , 89 , 90 , 92 , 93 , 95
(48 , *) 1 , 2 , 135 , 96 , 34 , 71 , 60 , 127 , 83 , 85 , 86 , 89 , 90 , 92 , 93 , 95
(49 , *) 1 , 2 , 139 , 96 , 34 , 71 , 60 , 83 , 85 , 86 , 89 , 90 , 92 , 93 , 95
(50 , *) 1 , 2 , 149 , 96 , 36 , 71 , 60 , 83 , 85 , 86 , 89 , 90 , 92 , 93 , 95
(51 , *) 1 , 2 , 157 , 96 , 35 , 71 , 60 , 83 , 85 , 86 , 89 , 90 , 92 , 93 , 95
(52 , *) 1 , 2 , 159 , 160
(53 , *) 1 , 2 , 37 , 176 , 177 , 182
(54 , *) 1 , 2 , 164 , 165
(55 , *) 1 , 2 , 166 , 167 , 168 , 169 , 170 , 171 , 172 , 173
(56 , *) 1 , 2 , 167 , 16 , 168 , 169 , 170 , 171 , 172 , 173
(57 , *) 1 , 2 , 168 , 10 , 169 , 16 , 170 , 171 , 172 , 173
(58 , *) 1 , 2 , 169 , 9 , 170 , 16 , 10 , 171 , 172 , 173
(59 , *) 1 , 2 , 170 , 8 , 9 , 16 , 10 , 171 , 172 , 173
(60 , *) 1 , 2 , 171 , 7 , 8 , 16 , 9 , 10 , 172 , 173
(61 , *) 1 , 2 , 172 , 6 , 7 , 8 , 16 , 9 , 10 , 173
(62 , *) 1 , 2 , 173 , 5 , 6 , 8 , 16 , 9 , 10 , 7
(63 , *) 1 , 2 , 174 , 175
(64 , *) 1 , 2 , 175 , 176
(65 , *) 1 , 2 , 183
(66 , *) 1 , 2 , 184
(67 , *) 1 , 2 , 62 , 60
(68 , *) 1 , 2 , 68 , 60
(69 , *) 1 , 2 , 69 , 60 , 71 , 72
(70 , *) 1 , 2 , 69 , 60 , 71 , 73 , 74
(71 , *) 1 , 2 , 71 , 60 , 75
(72 , *) 1 , 2 , 71 , 60 , 76
(73 , *) 1 , 2 , 71 , 60 , 77 , 80 , 81 , 78 , 79
(74 , *) 1 , 2 , 71 , 60 , 83 , 85 , 80 , 81 , 82 , 84
(75 , *) 1 , 2 , 71 , 60 , 83 , 85 , 86 , 89 , 82 , 88 , 87
(76 , *) 1 , 2 , 71 , 60 , 83 , 85 , 86 , 89 , 90 , 91 , 88 , 87
(77 , *) 1 , 2 , 71 , 60 , 83 , 85 , 86 , 89 , 90 , 92 , 93 , 94 , 88
(78 , *) 1 , 2 , 71 , 60 , 83 , 85 , 86 , 89 , 90 , 92 , 93 , 95 , 96 , 97
(79 , *) 1 , 2 , 71 , 60 , 83 , 85 , 86 , 89 , 90 , 92 , 93 , 95 , 96 , 98 , 99
(80 , *) 1 , 2 , 71 , 60 , 83 , 85 , 86 , 89 , 90 , 92 , 93 , 95 , 96 , 109 , 110
(81 , *) 1 , 2 , 71 , 60 , 83 , 85 , 86 , 89 , 90 , 92 , 93 , 95 , 96 , 114 , 116 , 113 , 115
(82 , *) 1 , 2 , 71 , 60 , 83 , 85 , 86 , 89 , 90 , 92 , 93 , 95 , 96 , 114 , 116 , 119
(83 , *) 1 , 2 , 71 , 60 , 83 , 85 , 86 , 89 , 90 , 92 , 93 , 95 , 96 , 121
(84 , *) 1 , 2 , 71 , 60 , 83 , 85 , 86 , 89 , 90 , 92 , 93 , 95 , 96 , 122 , 123
(85 , *) 1 , 2 , 71 , 60 , 83 , 85 , 86 , 89 , 90 , 92 , 93 , 95 , 96 , 124
(86 , *) 1 , 2 , 71 , 60 , 83 , 85 , 86 , 89 , 90 , 92 , 93 , 95 , 88
(87 , *) 1 , 2 , 71 , 60 , 83 , 85 , 86 , 89 , 90 , 92 , 87 , 88
(88 , *) 1 , 2 , 71 , 60 , 83 , 85 , 86 , 81 , 82 , 84
(89 , *) 1 , 2 , 71 , 60 , 83 , 85 , 86 , 81 , 82 , 87
(90 , *) 1 , 2 , 71 , 60 , 83 , 78 , 80 , 81 , 82 , 79
(91 , *) 1 , 2 , 71 , 60 , 83 , 79 , 80 , 81 , 82 , 84
(92 , *) 1 , 2 , 125
(93 , *) 138
(94 , *) 140
(95 , *) 17 , 128 , 65 , 67 , 66 , 70 , 49 , 50 , 51 , 52 , 53 , 54 , 61 , 63 , 130 , 132
(96 , *) 17 , 128 , 65 , 67 , 66 , 70 , 49 , 50 , 51 , 52 , 53 , 54 , 61 , 63 , 133
(97 , *) 17 , 134 , 65 , 66 , 67 , 70 , 136 , 49 , 50 , 51 , 61 , 52 , 53 , 54 , 63
(98 , *) 17 , 137 , 65 , 66 , 67 , 70 , 49 , 50 , 51 , 61 , 52 , 53 , 54 , 63
(99 , *) 17 , 141 , 65 , 66 , 67 , 70 , 49 , 50 , 51 , 52 , 53 , 54 , 63 , 61 , 144
(100 , *) 17 , 141 , 65 , 66 , 67 , 70 , 49 , 50 , 51 , 52 , 53 , 54 , 63 , 61 , 142 , 143
(101 , *) 17 , 145 , 65 , 66 , 67 , 70 , 49 , 146 , 50 , 51 , 61 , 52 , 53 , 54 , 63
(102 , *) 17 , 147 , 65 , 66 , 67 , 70 , 49 , 50 , 51 , 61 , 52 , 53 , 54 , 63
(103 , *) 17 , 151 , 65 , 66 , 67 , 70 , 107 , 49 , 50 , 51 , 61 , 52 , 53 , 54 , 63
(104 , *) 17 , 152 , 65 , 66 , 67 , 70 , 107 , 49 , 50 , 51 , 61 , 52 , 53 , 54 , 63
(105 , *) 17 , 153 , 65 , 66 , 67 , 70 , 107 , 49 , 50 , 51 , 61 , 52 , 53 , 54 , 63
(106 , *) 17 , 26 , 25 , 24 , 51 , 161 , 49 , 162 , 50 , 163
(107 , *) 17 , 26 , 25 , 24 , 23 , 50 , 161 , 49 , 162 , 163
(108 , *) 17 , 26 , 25 , 24 , 23 , 22 , 49 , 161 , 162 , 163
(109 , *) 17 , 26 , 25 , 24 , 23 , 22 , 21 , 48
(110 , *) 17 , 26 , 25 , 24 , 23 , 22 , 21 , 163 , 161 , 162
(111 , *) 17 , 26 , 25 , 24 , 23 , 22 , 21 , 20 , 162 , 161
(112 , *) 17 , 26 , 25 , 24 , 23 , 22 , 21 , 20 , 19 , 161
(113 , *) 17 , 26 , 25 , 24 , 23 , 22 , 21 , 20 , 19 , 18 , 27 , 28 , 29 , 30 , 31 , 32 , 159 , 160
(114 , *) 17 , 26 , 25 , 24 , 23 , 22 , 21 , 20 , 19 , 18 , 27 , 28 , 29 , 30 , 31 , 32 , 164 , 165
(115 , *) 17 , 26 , 25 , 24 , 23 , 22 , 21 , 20 , 19 , 18 , 27 , 28 , 29 , 30 , 31 , 32 , 37 , 176 , 177 , 182
(116 , *) 17 , 26 , 25 , 24 , 23 , 22 , 21 , 20 , 19 , 18 , 27 , 28 , 29 , 30 , 31 , 32 , 38
(117 , *) 17 , 26 , 25 , 24 , 23 , 22 , 21 , 20 , 19 , 18 , 27 , 28 , 29 , 30 , 31 , 32 , 39
(118 , *) 17 , 26 , 25 , 24 , 23 , 22 , 21 , 20 , 19 , 18 , 27 , 28 , 29 , 30 , 31 , 32 , 40
(119 , *) 17 , 26 , 25 , 24 , 23 , 22 , 21 , 20 , 19 , 18 , 27 , 28 , 29 , 30 , 31 , 32 , 41
(120 , *) 17 , 26 , 25 , 24 , 23 , 22 , 21 , 20 , 19 , 18 , 27 , 28 , 29 , 30 , 31 , 32 , 42
(121 , *) 17 , 26 , 25 , 24 , 23 , 22 , 21 , 20 , 19 , 18 , 27 , 28 , 29 , 30 , 31 , 32 , 43
(122 , *) 17 , 26 , 25 , 24 , 23 , 22 , 21 , 20 , 19 , 18 , 27 , 28 , 29 , 30 , 31 , 32 , 44
(123 , *) 17 , 26 , 25 , 24 , 23 , 22 , 21 , 20 , 19 , 18 , 27 , 28 , 29 , 30 , 31 , 32 , 45
(124 , *) 17 , 26 , 25 , 24 , 23 , 22 , 21 , 20 , 19 , 18 , 27 , 28 , 29 , 30 , 31 , 32 , 166 , 167 , 168 , 169 , 170 , 171 , 172 , 173
(125 , *) 17 , 26 , 25 , 24 , 23 , 22 , 21 , 20 , 19 , 18 , 27 , 28 , 29 , 30 , 31 , 32 , 55
(126 , *) 17 , 26 , 25 , 24 , 23 , 22 , 21 , 20 , 19 , 18 , 27 , 28 , 29 , 30 , 31 , 32 , 56
(127 , *) 17 , 26 , 25 , 24 , 23 , 22 , 21 , 20 , 19 , 18 , 27 , 28 , 29 , 30 , 31 , 32 , 57
(128 , *) 17 , 26 , 25 , 24 , 23 , 22 , 21 , 20 , 19 , 18 , 27 , 28 , 29 , 30 , 31 , 32 , 58
(129 , *) 17 , 26 , 25 , 24 , 23 , 22 , 21 , 20 , 19 , 18 , 27 , 28 , 29 , 30 , 31 , 32 , 59
(130 , *) 17 , 26 , 25 , 24 , 23 , 22 , 21 , 20 , 19 , 18 , 27 , 28 , 29 , 30 , 31 , 32 , 60 , 68
(131 , *) 17 , 26 , 25 , 24 , 23 , 22 , 21 , 20 , 19 , 18 , 27 , 28 , 29 , 30 , 31 , 32 , 60 , 62
(132 , *) 17 , 26 , 25 , 24 , 23 , 22 , 21 , 20 , 19 , 18 , 27 , 28 , 29 , 30 , 31 , 32 , 60 , 71 , 69 , 72
(133 , *) 17 , 26 , 25 , 24 , 23 , 22 , 21 , 20 , 19 , 18 , 27 , 28 , 29 , 30 , 31 , 32 , 60 , 71 , 69 , 73 , 74
(134 , *) 17 , 26 , 25 , 24 , 23 , 22 , 21 , 20 , 19 , 18 , 27 , 28 , 29 , 30 , 31 , 32 , 60 , 71 , 75
(135 , *) 17 , 26 , 25 , 24 , 23 , 22 , 21 , 20 , 19 , 18 , 27 , 28 , 29 , 30 , 31 , 32 , 60 , 71 , 76
(136 , *) 17 , 26 , 25 , 24 , 23 , 22 , 21 , 20 , 19 , 18 , 27 , 28 , 29 , 30 , 31 , 32 , 60 , 71 , 77 , 80 , 81 , 78 , 79
(137 , *) 17 , 26 , 25 , 24 , 23 , 22 , 21 , 20 , 19 , 18 , 27 , 28 , 29 , 30 , 31 , 32 , 60 , 71 , 83 , 85 , 80 , 81 , 82 , 84
(138 , *) 17 , 26 , 25 , 24 , 23 , 22 , 21 , 20 , 19 , 18 , 27 , 28 , 29 , 30 , 31 , 32 , 60 , 71 , 83 , 85 , 86 , 89 , 82 , 88 , 87
(139 , *) 17 , 26 , 25 , 24 , 23 , 22 , 21 , 20 , 19 , 18 , 27 , 28 , 29 , 30 , 31 , 32 , 60 , 71 , 83 , 85 , 86 , 89 , 90 , 91 , 88 , 87
(140 , *) 17 , 26 , 25 , 24 , 23 , 22 , 21 , 20 , 19 , 18 , 27 , 28 , 29 , 30 , 31 , 32 , 60 , 71 , 83 , 85 , 86 , 89 , 90 , 92 , 93 , 94 , 88
(141 , *) 17 , 26 , 25 , 24 , 23 , 22 , 21 , 20 , 19 , 18 , 27 , 28 , 29 , 30 , 31 , 32 , 60 , 71 , 83 , 85 , 86 , 89 , 90 , 92 , 93 , 95 , 88
(142 , *) 17 , 26 , 25 , 24 , 23 , 22 , 21 , 20 , 19 , 18 , 27 , 28 , 29 , 30 , 31 , 32 , 60 , 71 , 83 , 85 , 86 , 89 , 90 , 92 , 93 , 95 , 96 , 97
(143 , *) 17 , 26 , 25 , 24 , 23 , 22 , 21 , 20 , 19 , 18 , 27 , 28 , 29 , 30 , 31 , 32 , 60 , 71 , 83 , 85 , 86 , 89 , 90 , 92 , 93 , 95 , 96 , 34 , 139
(144 , *) 17 , 26 , 25 , 24 , 23 , 22 , 21 , 20 , 19 , 18 , 27 , 28 , 29 , 30 , 31 , 32 , 60 , 71 , 83 , 85 , 86 , 89 , 90 , 92 , 93 , 95 , 96 , 34 , 127 , 129
(145 , *) 17 , 26 , 25 , 24 , 23 , 22 , 21 , 20 , 19 , 18 , 27 , 28 , 29 , 30 , 31 , 32 , 60 , 71 , 83 , 85 , 86 , 89 , 90 , 92 , 93 , 95 , 96 , 34 , 127 , 131
(146 , *) 17 , 26 , 25 , 24 , 23 , 22 , 21 , 20 , 19 , 18 , 27 , 28 , 29 , 30 , 31 , 32 , 60 , 71 , 83 , 85 , 86 , 89 , 90 , 92 , 93 , 95 , 96 , 34 , 127 , 135
(147 , *) 17 , 26 , 25 , 24 , 23 , 22 , 21 , 20 , 19 , 18 , 27 , 28 , 29 , 30 , 31 , 32 , 60 , 71 , 83 , 85 , 86 , 89 , 90 , 92 , 93 , 95 , 96 , 35 , 157
(148 , *) 17 , 26 , 25 , 24 , 23 , 22 , 21 , 20 , 19 , 18 , 27 , 28 , 29 , 30 , 31 , 32 , 60 , 71 , 83 , 85 , 86 , 89 , 90 , 92 , 93 , 95 , 96 , 36 , 149
(149 , *) 17 , 26 , 25 , 24 , 23 , 22 , 21 , 20 , 19 , 18 , 27 , 28 , 29 , 30 , 31 , 32 , 60 , 71 , 83 , 85 , 86 , 89 , 90 , 92 , 93 , 95 , 96 , 98 , 99
(150 , *) 17 , 26 , 25 , 24 , 23 , 22 , 21 , 20 , 19 , 18 , 27 , 28 , 29 , 30 , 31 , 32 , 60 , 71 , 83 , 85 , 86 , 89 , 90 , 92 , 93 , 95 , 96 , 109 , 110
(151 , *) 17 , 26 , 25 , 24 , 23 , 22 , 21 , 20 , 19 , 18 , 27 , 28 , 29 , 30 , 31 , 32 , 60 , 71 , 83 , 85 , 86 , 89 , 90 , 92 , 93 , 95 , 96 , 113 , 114 , 115 , 116
(152 , *) 17 , 26 , 25 , 24 , 23 , 22 , 21 , 20 , 19 , 18 , 27 , 28 , 29 , 30 , 31 , 32 , 60 , 71 , 83 , 85 , 86 , 89 , 90 , 92 , 93 , 95 , 96 , 114 , 119 , 116
(153 , *) 17 , 26 , 25 , 24 , 23 , 22 , 21 , 20 , 19 , 18 , 27 , 28 , 29 , 30 , 31 , 32 , 60 , 71 , 83 , 85 , 86 , 89 , 90 , 92 , 93 , 95 , 96 , 121
(154 , *) 17 , 26 , 25 , 24 , 23 , 22 , 21 , 20 , 19 , 18 , 27 , 28 , 29 , 30 , 31 , 32 , 60 , 71 , 83 , 85 , 86 , 89 , 90 , 92 , 93 , 95 , 96 , 122 , 123
(155 , *) 17 , 26 , 25 , 24 , 23 , 22 , 21 , 20 , 19 , 18 , 27 , 28 , 29 , 30 , 31 , 32 , 60 , 71 , 83 , 85 , 86 , 89 , 90 , 92 , 93 , 95 , 96 , 124
(156 , *) 17 , 26 , 25 , 24 , 23 , 22 , 21 , 20 , 19 , 18 , 27 , 28 , 29 , 30 , 31 , 32 , 60 , 71 , 83 , 85 , 86 , 89 , 90 , 92 , 87 , 88
(157 , *) 17 , 26 , 25 , 24 , 23 , 22 , 21 , 20 , 19 , 18 , 27 , 28 , 29 , 30 , 31 , 32 , 60 , 71 , 83 , 85 , 86 , 81 , 82 , 84
(158 , *) 17 , 26 , 25 , 24 , 23 , 22 , 21 , 20 , 19 , 18 , 27 , 28 , 29 , 30 , 31 , 32 , 60 , 71 , 83 , 85 , 86 , 81 , 82 , 87
(159 , *) 17 , 26 , 25 , 24 , 23 , 22 , 21 , 20 , 19 , 18 , 27 , 28 , 29 , 30 , 31 , 32 , 60 , 71 , 83 , 78 , 80 , 81 , 82 , 79
(160 , *) 17 , 26 , 25 , 24 , 23 , 22 , 21 , 20 , 19 , 18 , 27 , 28 , 29 , 30 , 31 , 32 , 60 , 71 , 83 , 79 , 80 , 81 , 82 , 84
(161 , *) 17 , 26 , 25 , 24 , 23 , 22 , 21 , 20 , 19 , 18 , 27 , 28 , 29 , 30 , 31 , 32 , 183
(162 , *) 17 , 26 , 25 , 24 , 23 , 22 , 21 , 20 , 19 , 18 , 27 , 28 , 29 , 30 , 31 , 32 , 184
(163 , *) 17 , 26 , 25 , 24 , 23 , 22 , 21 , 20 , 19 , 18 , 27 , 28 , 29 , 30 , 31 , 32 , 174 , 175
(164 , *) 17 , 26 , 25 , 24 , 23 , 22 , 21 , 20 , 19 , 18 , 27 , 28 , 29 , 30 , 31 , 32 , 175 , 176
(165 , *) 17 , 26 , 25 , 24 , 23 , 22 , 21 , 20 , 19 , 18 , 27 , 28 , 29 , 30 , 31 , 32 , 125
(166 , *) 17 , 26 , 25 , 24 , 23 , 22 , 21 , 20 , 19 , 46
(167 , *) 17 , 26 , 25 , 24 , 23 , 22 , 21 , 20 , 47
(168 , *) 17 , 26 , 25 , 52 , 161 , 49 , 51 , 162 , 50 , 163
(169 , *) 17 , 26 , 53 , 161 , 162 , 49 , 51 , 50 , 163 , 52
(170 , *) 17 , 154 , 65 , 66 , 67 , 70 , 107 , 49 , 50 , 51 , 61 , 52 , 53 , 54 , 63
(171 , *) 17 , 155 , 65 , 66 , 67 , 70 , 107 , 49 , 50 , 51 , 61 , 52 , 53 , 54 , 63
(172 , *) 17 , 33 , 65 , 66 , 67 , 70 , 49 , 50 , 51 , 52 , 53 , 63 , 61 , 54 , 107
(173 , *) 17 , 33 , 65 , 66 , 67 , 70 , 49 , 50 , 51 , 52 , 53 , 63 , 61 , 54 , 111
(174 , *) 17 , 179 , 49 , 50 , 51 , 52 , 53 , 54
(175 , *) 17 , 180 , 49 , 50 , 51 , 52 , 53 , 54
(176 , *) 17 , 54 , 49 , 50 , 51 , 52 , 53 , 161 , 162 , 163
(177 , *) 17 , 54 , 49 , 50 , 51 , 52 , 53 , 61 , 63 , 64
(178 , *) 17 , 54 , 49 , 50 , 51 , 52 , 53 , 61 , 63 , 65 , 66 , 67 , 70 , 100
(179 , *) 17 , 54 , 49 , 50 , 51 , 52 , 53 , 61 , 63 , 65 , 66 , 67 , 70 , 101
(180 , *) 17 , 54 , 49 , 50 , 51 , 52 , 53 , 61 , 63 , 65 , 66 , 67 , 70 , 102
(181 , *) 17 , 54 , 49 , 50 , 51 , 52 , 53 , 61 , 63 , 65 , 66 , 67 , 70 , 103
(182 , *) 17 , 54 , 49 , 50 , 51 , 52 , 53 , 61 , 63 , 65 , 66 , 67 , 70 , 104
(183 , *) 17 , 54 , 49 , 50 , 51 , 52 , 53 , 61 , 63 , 65 , 66 , 67 , 70 , 105
(184 , *) 17 , 54 , 49 , 50 , 51 , 52 , 53 , 61 , 63 , 65 , 66 , 67 , 70 , 106
(185 , *) 17 , 54 , 49 , 50 , 51 , 52 , 53 , 61 , 63 , 65 , 66 , 67 , 70 , 112
(186 , *) 17 , 54 , 49 , 50 , 51 , 52 , 53 , 61 , 63 , 65 , 66 , 67 , 70 , 117 , 118
(187 , *) 17 , 54 , 49 , 50 , 51 , 52 , 53 , 61 , 63 , 65 , 66 , 67 , 70 , 120
(188 , *) 148
(189 , *) 156
(190 , *) 158
(191 , *) 178
(192 , *) 181
(193 , *) 108
(194 , *) 150
(195 , *) 126
;
set V := 1,2,3,4,5,6,7,8,9,10,11,12,13,14,15,16,17,18,19,20,21,22,23,24,25,26,27,28,29,30,31,32,33,34,35,36,37,38,39,40,41,42,43,44,45,46,47,48,49,50,51,52,53,54,55,56,57,58,59,60,61,62,63,64,65,66,67,68,69,70,71,72,73,74,75,76,77,78,79,80,81,82,83,84,85,86,87,88,89,90,91,92,93,94,95,96,97,98,99,100,101,102,103,104,105,106,107,108,109,110,111,112,113,114,115,116,117,118,119,120,121,122,123,124,125,126,127,128,129,130,131,132,133,134,135,136,137,138,139,140,141,142,143,144,145,146,147,148,149,150,151,152,153,154,155,156,157,158,159,160,161,162,163,164,165,166,167,168,169,170,171,172,173,174,175,176,177,178,179,180,181,182,183,184;
set E := (1, 2),(1, 3),(1, 4),(1, 5),(1, 6),(1, 7),(1, 8),(1, 9),(1, 10),(1, 11),(1, 12),(1, 13),(1, 14),(1, 15),(1, 16),(1, 33),(1, 34),(1, 35),(1, 36),(1, 37),(1, 38),(1, 39),(1, 40),(1, 41),(1, 42),(1, 43),(1, 44),(1, 45),(1, 46),(1, 47),(1, 48),(1, 49),(1, 50),(1, 51),(1, 52),(1, 53),(1, 54),(1, 55),(1, 56),(1, 57),(1, 58),(1, 59),(1, 60),(1, 61),(1, 62),(1, 63),(1, 64),(1, 65),(1, 66),(1, 67),(1, 68),(1, 69),(1, 70),(1, 71),(1, 72),(1, 73),(1, 74),(1, 75),(1, 76),(1, 77),(1, 78),(1, 79),(1, 80),(1, 81),(1, 82),(1, 83),(1, 84),(1, 85),(1, 86),(1, 87),(1, 88),(1, 89),(1, 90),(1, 91),(1, 92),(1, 93),(1, 94),(1, 95),(1, 96),(1, 97),(1, 98),(1, 99),(1, 100),(1, 101),(1, 102),(1, 103),(1, 104),(1, 105),(1, 106),(1, 107),(1, 109),(1, 110),(1, 111),(1, 112),(1, 113),(1, 114),(1, 115),(1, 116),(1, 117),(1, 118),(1, 119),(1, 120),(1, 121),(1, 122),(1, 123),(1, 124),(1, 125),(1, 127),(1, 128),(1, 129),(1, 130),(1, 131),(1, 132),(1, 133),(1, 134),(1, 135),(1, 136),(1, 137),(1, 139),(1, 141),(1, 142),(1, 143),(1, 144),(1, 145),(1, 146),(1, 147),(1, 149),(1, 151),(1, 152),(1, 153),(1, 154),(1, 155),(1, 157),(1, 159),(1, 160),(1, 161),(1, 162),(1, 163),(1, 164),(1, 165),(1, 166),(1, 167),(1, 168),(1, 169),(1, 170),(1, 171),(1, 172),(1, 173),(1, 174),(1, 175),(1, 176),(1, 177),(1, 179),(1, 180),(1, 182),(1, 183),(1, 184),(2, 3),(2, 4),(2, 5),(2, 6),(2, 7),(2, 8),(2, 9),(2, 10),(2, 11),(2, 12),(2, 13),(2, 14),(2, 15),(2, 16),(2, 33),(2, 34),(2, 35),(2, 36),(2, 37),(2, 38),(2, 39),(2, 40),(2, 41),(2, 42),(2, 43),(2, 44),(2, 45),(2, 46),(2, 47),(2, 48),(2, 49),(2, 50),(2, 51),(2, 52),(2, 53),(2, 54),(2, 55),(2, 56),(2, 57),(2, 58),(2, 59),(2, 60),(2, 61),(2, 62),(2, 63),(2, 64),(2, 65),(2, 66),(2, 67),(2, 68),(2, 69),(2, 70),(2, 71),(2, 72),(2, 73),(2, 74),(2, 75),(2, 76),(2, 77),(2, 78),(2, 79),(2, 80),(2, 81),(2, 82),(2, 83),(2, 84),(2, 85),(2, 86),(2, 87),(2, 88),(2, 89),(2, 90),(2, 91),(2, 92),(2, 93),(2, 94),(2, 95),(2, 96),(2, 97),(2, 98),(2, 99),(2, 100),(2, 101),(2, 102),(2, 103),(2, 104),(2, 105),(2, 106),(2, 107),(2, 109),(2, 110),(2, 111),(2, 112),(2, 113),(2, 114),(2, 115),(2, 116),(2, 117),(2, 118),(2, 119),(2, 120),(2, 121),(2, 122),(2, 123),(2, 124),(2, 125),(2, 127),(2, 128),(2, 129),(2, 130),(2, 131),(2, 132),(2, 133),(2, 134),(2, 135),(2, 136),(2, 137),(2, 139),(2, 141),(2, 142),(2, 143),(2, 144),(2, 145),(2, 146),(2, 147),(2, 149),(2, 151),(2, 152),(2, 153),(2, 154),(2, 155),(2, 157),(2, 159),(2, 160),(2, 161),(2, 162),(2, 163),(2, 164),(2, 165),(2, 166),(2, 167),(2, 168),(2, 169),(2, 170),(2, 171),(2, 172),(2, 173),(2, 174),(2, 175),(2, 176),(2, 177),(2, 179),(2, 180),(2, 182),(2, 183),(2, 184),(3, 128),(3, 179),(3, 4),(3, 5),(3, 6),(3, 7),(3, 8),(3, 9),(3, 10),(3, 11),(3, 12),(3, 13),(3, 14),(3, 15),(3, 16),(3, 145),(3, 146),(3, 147),(3, 151),(3, 152),(3, 132),(3, 154),(3, 155),(3, 133),(3, 33),(3, 162),(3, 163),(3, 134),(3, 38),(3, 39),(3, 40),(3, 41),(3, 42),(3, 43),(3, 44),(3, 45),(3, 46),(3, 47),(3, 48),(3, 49),(3, 50),(3, 51),(3, 52),(3, 53),(3, 54),(3, 137),(3, 56),(3, 180),(3, 58),(3, 59),(3, 60),(3, 61),(3, 63),(3, 64),(3, 65),(3, 66),(3, 67),(3, 70),(3, 161),(3, 55),(3, 141),(3, 142),(3, 57),(3, 153),(3, 143),(3, 130),(3, 144),(3, 100),(3, 101),(3, 102),(3, 103),(3, 104),(3, 105),(3, 106),(3, 107),(3, 111),(3, 112),(3, 117),(3, 118),(3, 120),(3, 136),(4, 128),(4, 132),(4, 5),(4, 6),(4, 7),(4, 8),(4, 9),(4, 10),(4, 11),(4, 12),(4, 13),(4, 14),(4, 15),(4, 16),(4, 145),(4, 146),(4, 147),(4, 151),(4, 152),(4, 153),(4, 154),(4, 155),(4, 133),(4, 33),(4, 162),(4, 163),(4, 134),(4, 46),(4, 47),(4, 48),(4, 49),(4, 50),(4, 51),(4, 52),(4, 53),(4, 54),(4, 137),(4, 180),(4, 61),(4, 63),(4, 64),(4, 65),(4, 66),(4, 67),(4, 70),(4, 161),(4, 141),(4, 179),(4, 142),(4, 143),(4, 130),(4, 144),(4, 100),(4, 101),(4, 102),(4, 103),(4, 104),(4, 105),(4, 106),(4, 107),(4, 111),(4, 112),(4, 117),(4, 118),(4, 120),(4, 136),(5, 128),(5, 133),(5, 6),(5, 7),(5, 8),(5, 9),(5, 10),(5, 11),(5, 12),(5, 13),(5, 14),(5, 15),(5, 16),(5, 145),(5, 146),(5, 147),(5, 151),(5, 152),(5, 132),(5, 154),(5, 155),(5, 33),(5, 162),(5, 163),(5, 134),(5, 38),(5, 173),(5, 46),(5, 47),(5, 48),(5, 49),(5, 50),(5, 51),(5, 52),(5, 53),(5, 54),(5, 137),(5, 180),(5, 61),(5, 63),(5, 64),(5, 65),(5, 66),(5, 67),(5, 70),(5, 161),(5, 141),(5, 179),(5, 142),(5, 153),(5, 143),(5, 130),(5, 144),(5, 100),(5, 101),(5, 102),(5, 103),(5, 104),(5, 105),(5, 106),(5, 107),(5, 111),(5, 112),(5, 117),(5, 118),(5, 120),(5, 136),(6, 128),(6, 134),(6, 7),(6, 8),(6, 9),(6, 10),(6, 11),(6, 12),(6, 13),(6, 14),(6, 15),(6, 16),(6, 145),(6, 146),(6, 147),(6, 151),(6, 152),(6, 132),(6, 154),(6, 155),(6, 133),(6, 33),(6, 162),(6, 163),(6, 38),(6, 39),(6, 172),(6, 173),(6, 46),(6, 47),(6, 48),(6, 49),(6, 50),(6, 51),(6, 52),(6, 53),(6, 54),(6, 137),(6, 180),(6, 61),(6, 63),(6, 64),(6, 65),(6, 66),(6, 67),(6, 70),(6, 161),(6, 141),(6, 179),(6, 142),(6, 153),(6, 143),(6, 130),(6, 144),(6, 100),(6, 101),(6, 102),(6, 103),(6, 104),(6, 105),(6, 106),(6, 107),(6, 111),(6, 112),(6, 117),(6, 118),(6, 120),(6, 136),(7, 128),(7, 8),(7, 9),(7, 10),(7, 11),(7, 12),(7, 13),(7, 14),(7, 15),(7, 16),(7, 145),(7, 146),(7, 147),(7, 151),(7, 152),(7, 132),(7, 154),(7, 155),(7, 133),(7, 33),(7, 162),(7, 163),(7, 134),(7, 38),(7, 39),(7, 40),(7, 171),(7, 172),(7, 173),(7, 46),(7, 47),(7, 48),(7, 49),(7, 50),(7, 51),(7, 52),(7, 53),(7, 54),(7, 137),(7, 180),(7, 61),(7, 63),(7, 64),(7, 65),(7, 66),(7, 67),(7, 70),(7, 161),(7, 141),(7, 179),(7, 142),(7, 153),(7, 143),(7, 130),(7, 144),(7, 100),(7, 101),(7, 102),(7, 103),(7, 104),(7, 105),(7, 106),(7, 107),(7, 111),(7, 112),(7, 117),(7, 118),(7, 120),(7, 136),(8, 128),(8, 136),(8, 9),(8, 10),(8, 11),(8, 12),(8, 13),(8, 14),(8, 15),(8, 16),(8, 145),(8, 146),(8, 147),(8, 151),(8, 152),(8, 132),(8, 154),(8, 155),(8, 133),(8, 33),(8, 162),(8, 163),(8, 134),(8, 38),(8, 39),(8, 40),(8, 41),(8, 170),(8, 171),(8, 172),(8, 173),(8, 46),(8, 47),(8, 48),(8, 49),(8, 50),(8, 51),(8, 52),(8, 53),(8, 54),(8, 137),(8, 180),(8, 61),(8, 63),(8, 64),(8, 65),(8, 66),(8, 67),(8, 70),(8, 161),(8, 141),(8, 179),(8, 142),(8, 153),(8, 143),(8, 130),(8, 144),(8, 100),(8, 101),(8, 102),(8, 103),(8, 104),(8, 105),(8, 106),(8, 107),(8, 111),(8, 112),(8, 117),(8, 118),(8, 120),(9, 128),(9, 137),(9, 10),(9, 11),(9, 12),(9, 13),(9, 14),(9, 15),(9, 16),(9, 145),(9, 146),(9, 147),(9, 151),(9, 152),(9, 132),(9, 154),(9, 155),(9, 133),(9, 33),(9, 162),(9, 163),(9, 134),(9, 38),(9, 39),(9, 40),(9, 41),(9, 42),(9, 171),(9, 172),(9, 173),(9, 46),(9, 47),(9, 48),(9, 49),(9, 50),(9, 51),(9, 52),(9, 53),(9, 54),(9, 180),(9, 61),(9, 63),(9, 64),(9, 65),(9, 66),(9, 67),(9, 70),(9, 161),(9, 141),(9, 179),(9, 142),(9, 153),(9, 143),(9, 130),(9, 144),(9, 100),(9, 101),(9, 102),(9, 103),(9, 104),(9, 105),(9, 106),(9, 107),(9, 111),(9, 112),(9, 117),(9, 118),(9, 169),(9, 120),(9, 136),(9, 170),(10, 128),(10, 11),(10, 12),(10, 13),(10, 14),(10, 15),(10, 16),(10, 145),(10, 146),(10, 147),(10, 171),(10, 151),(10, 152),(10, 132),(10, 154),(10, 155),(10, 133),(10, 33),(10, 162),(10, 163),(10, 134),(10, 38),(10, 39),(10, 40),(10, 41),(10, 42),(10, 43),(10, 172),(10, 173),(10, 46),(10, 47),(10, 48),(10, 49),(10, 50),(10, 51),(10, 52),(10, 53),(10, 54),(10, 137),(10, 180),(10, 61),(10, 63),(10, 64),(10, 65),(10, 66),(10, 67),(10, 70),(10, 161),(10, 141),(10, 179),(10, 142),(10, 153),(10, 143),(10, 130),(10, 144),(10, 100),(10, 101),(10, 102),(10, 103),(10, 104),(10, 105),(10, 106),(10, 107),(10, 111),(10, 112),(10, 168),(10, 117),(10, 118),(10, 169),(10, 120),(10, 136),(10, 170),(11, 128),(11, 12),(11, 13),(11, 14),(11, 15),(11, 16),(11, 145),(11, 146),(11, 147),(11, 151),(11, 152),(11, 132),(11, 154),(11, 155),(11, 133),(11, 33),(11, 162),(11, 163),(11, 134),(11, 38),(11, 39),(11, 40),(11, 41),(11, 42),(11, 43),(11, 44),(11, 45),(11, 46),(11, 47),(11, 48),(11, 49),(11, 50),(11, 51),(11, 52),(11, 53),(11, 54),(11, 137),(11, 180),(11, 61),(11, 63),(11, 64),(11, 65),(11, 66),(11, 67),(11, 70),(11, 161),(11, 141),(11, 179),(11, 142),(11, 153),(11, 143),(11, 130),(11, 144),(11, 100),(11, 101),(11, 102),(11, 103),(11, 104),(11, 105),(11, 106),(11, 107),(11, 111),(11, 112),(11, 117),(11, 118),(11, 120),(11, 136),(12, 128),(12, 13),(12, 14),(12, 15),(12, 16),(12, 145),(12, 146),(12, 147),(12, 151),(12, 152),(12, 132),(12, 154),(12, 155),(12, 133),(12, 33),(12, 162),(12, 163),(12, 134),(12, 38),(12, 39),(12, 40),(12, 41),(12, 42),(12, 43),(12, 44),(12, 45),(12, 46),(12, 47),(12, 48),(12, 49),(12, 50),(12, 51),(12, 52),(12, 53),(12, 54),(12, 137),(12, 56),(12, 180),(12, 61),(12, 63),(12, 64),(12, 65),(12, 66),(12, 67),(12, 70),(12, 161),(12, 55),(12, 141),(12, 179),(12, 142),(12, 153),(12, 143),(12, 130),(12, 144),(12, 100),(12, 101),(12, 102),(12, 103),(12, 104),(12, 105),(12, 106),(12, 107),(12, 111),(12, 112),(12, 117),(12, 118),(12, 120),(12, 136),(13, 128),(13, 130),(13, 14),(13, 15),(13, 16),(13, 145),(13, 146),(13, 147),(13, 151),(13, 152),(13, 132),(13, 154),(13, 155),(13, 133),(13, 33),(13, 162),(13, 163),(13, 134),(13, 38),(13, 39),(13, 40),(13, 41),(13, 42),(13, 43),(13, 44),(13, 45),(13, 46),(13, 47),(13, 48),(13, 49),(13, 50),(13, 51),(13, 52),(13, 53),(13, 54),(13, 137),(13, 56),(13, 180),(13, 58),(13, 61),(13, 63),(13, 64),(13, 65),(13, 66),(13, 67),(13, 70),(13, 161),(13, 55),(13, 141),(13, 179),(13, 142),(13, 57),(13, 153),(13, 143),(13, 144),(13, 100),(13, 101),(13, 102),(13, 103),(13, 104),(13, 105),(13, 106),(13, 107),(13, 111),(13, 112),(13, 117),(13, 118),(13, 120),(13, 136),(14, 128),(14, 142),(14, 15),(14, 16),(14, 145),(14, 146),(14, 147),(14, 151),(14, 152),(14, 132),(14, 154),(14, 155),(14, 133),(14, 33),(14, 162),(14, 163),(14, 134),(14, 38),(14, 39),(14, 40),(14, 41),(14, 42),(14, 43),(14, 44),(14, 45),(14, 46),(14, 47),(14, 48),(14, 49),(14, 50),(14, 51),(14, 52),(14, 53),(14, 54),(14, 137),(14, 56),(14, 180),(14, 58),(14, 59),(14, 61),(14, 63),(14, 64),(14, 65),(14, 66),(14, 67),(14, 70),(14, 161),(14, 55),(14, 141),(14, 179),(14, 57),(14, 153),(14, 143),(14, 130),(14, 144),(14, 100),(14, 101),(14, 102),(14, 103),(14, 104),(14, 105),(14, 106),(14, 107),(14, 111),(14, 112),(14, 117),(14, 118),(14, 120),(14, 136),(15, 128),(15, 143),(15, 16),(15, 145),(15, 146),(15, 147),(15, 151),(15, 152),(15, 132),(15, 154),(15, 155),(15, 133),(15, 33),(15, 162),(15, 163),(15, 134),(15, 46),(15, 47),(15, 48),(15, 49),(15, 50),(15, 51),(15, 52),(15, 53),(15, 54),(15, 137),(15, 180),(15, 61),(15, 63),(15, 64),(15, 65),(15, 66),(15, 67),(15, 70),(15, 161),(15, 141),(15, 179),(15, 142),(15, 153),(15, 130),(15, 144),(15, 100),(15, 101),(15, 102),(15, 103),(15, 104),(15, 105),(15, 106),(15, 107),(15, 111),(15, 112),(15, 117),(15, 118),(15, 120),(15, 136),(16, 128),(16, 144),(16, 145),(16, 146),(16, 147),(16, 171),(16, 151),(16, 152),(16, 132),(16, 154),(16, 155),(16, 172),(16, 167),(16, 133),(16, 33),(16, 162),(16, 163),(16, 134),(16, 38),(16, 39),(16, 40),(16, 41),(16, 42),(16, 43),(16, 44),(16, 173),(16, 46),(16, 47),(16, 48),(16, 49),(16, 50),(16, 51),(16, 52),(16, 53),(16, 54),(16, 137),(16, 180),(16, 61),(16, 63),(16, 64),(16, 65),(16, 66),(16, 67),(16, 70),(16, 161),(16, 141),(16, 179),(16, 142),(16, 153),(16, 143),(16, 130),(16, 100),(16, 101),(16, 102),(16, 103),(16, 104),(16, 105),(16, 106),(16, 107),(16, 111),(16, 112),(16, 168),(16, 117),(16, 118),(16, 169),(16, 120),(16, 136),(16, 170),(17, 18),(17, 19),(17, 20),(17, 21),(17, 22),(17, 23),(17, 24),(17, 25),(17, 26),(17, 27),(17, 28),(17, 29),(17, 30),(17, 31),(17, 32),(17, 33),(17, 34),(17, 35),(17, 36),(17, 37),(17, 38),(17, 39),(17, 40),(17, 41),(17, 42),(17, 43),(17, 44),(17, 45),(17, 46),(17, 47),(17, 48),(17, 49),(17, 50),(17, 51),(17, 52),(17, 53),(17, 54),(17, 55),(17, 56),(17, 57),(17, 58),(17, 59),(17, 60),(17, 61),(17, 62),(17, 63),(17, 64),(17, 65),(17, 66),(17, 67),(17, 68),(17, 69),(17, 70),(17, 71),(17, 72),(17, 73),(17, 74),(17, 75),(17, 76),(17, 77),(17, 78),(17, 79),(17, 80),(17, 81),(17, 82),(17, 83),(17, 84),(17, 85),(17, 86),(17, 87),(17, 88),(17, 89),(17, 90),(17, 91),(17, 92),(17, 93),(17, 94),(17, 95),(17, 96),(17, 97),(17, 98),(17, 99),(17, 100),(17, 101),(17, 102),(17, 103),(17, 104),(17, 105),(17, 106),(17, 107),(17, 109),(17, 110),(17, 111),(17, 112),(17, 113),(17, 114),(17, 115),(17, 116),(17, 117),(17, 118),(17, 119),(17, 120),(17, 121),(17, 122),(17, 123),(17, 124),(17, 125),(17, 127),(17, 128),(17, 129),(17, 130),(17, 131),(17, 132),(17, 133),(17, 134),(17, 135),(17, 136),(17, 137),(17, 139),(17, 141),(17, 142),(17, 143),(17, 144),(17, 145),(17, 146),(17, 147),(17, 149),(17, 151),(17, 152),(17, 153),(17, 154),(17, 155),(17, 157),(17, 159),(17, 160),(17, 161),(17, 162),(17, 163),(17, 164),(17, 165),(17, 166),(17, 167),(17, 168),(17, 169),(17, 170),(17, 171),(17, 172),(17, 173),(17, 174),(17, 175),(17, 176),(17, 177),(17, 179),(17, 180),(17, 182),(17, 183),(17, 184),(18, 19),(18, 20),(18, 21),(18, 22),(18, 23),(18, 24),(18, 25),(18, 26),(18, 27),(18, 28),(18, 29),(18, 30),(18, 31),(18, 32),(18, 34),(18, 35),(18, 36),(18, 37),(18, 38),(18, 39),(18, 40),(18, 41),(18, 42),(18, 43),(18, 44),(18, 45),(18, 55),(18, 56),(18, 57),(18, 58),(18, 59),(18, 60),(18, 62),(18, 68),(18, 69),(18, 71),(18, 72),(18, 73),(18, 74),(18, 75),(18, 76),(18, 77),(18, 78),(18, 79),(18, 80),(18, 81),(18, 82),(18, 83),(18, 84),(18, 85),(18, 86),(18, 87),(18, 88),(18, 89),(18, 90),(18, 91),(18, 92),(18, 93),(18, 94),(18, 95),(18, 96),(18, 97),(18, 98),(18, 99),(18, 109),(18, 110),(18, 113),(18, 114),(18, 115),(18, 116),(18, 119),(18, 121),(18, 122),(18, 123),(18, 124),(18, 125),(18, 127),(18, 129),(18, 131),(18, 135),(18, 139),(18, 149),(18, 157),(18, 159),(18, 160),(18, 164),(18, 165),(18, 166),(18, 167),(18, 168),(18, 169),(18, 170),(18, 171),(18, 172),(18, 173),(18, 174),(18, 175),(18, 176),(18, 177),(18, 182),(18, 183),(18, 184),(19, 20),(19, 21),(19, 22),(19, 23),(19, 24),(19, 25),(19, 26),(19, 27),(19, 28),(19, 29),(19, 30),(19, 31),(19, 32),(19, 34),(19, 35),(19, 36),(19, 37),(19, 38),(19, 39),(19, 40),(19, 41),(19, 42),(19, 43),(19, 44),(19, 45),(19, 46),(19, 55),(19, 56),(19, 57),(19, 58),(19, 59),(19, 60),(19, 62),(19, 68),(19, 69),(19, 71),(19, 72),(19, 73),(19, 74),(19, 75),(19, 76),(19, 77),(19, 78),(19, 79),(19, 80),(19, 81),(19, 82),(19, 83),(19, 84),(19, 85),(19, 86),(19, 87),(19, 88),(19, 89),(19, 90),(19, 91),(19, 92),(19, 93),(19, 94),(19, 95),(19, 96),(19, 97),(19, 98),(19, 99),(19, 109),(19, 110),(19, 113),(19, 114),(19, 115),(19, 116),(19, 119),(19, 121),(19, 122),(19, 123),(19, 124),(19, 125),(19, 127),(19, 129),(19, 131),(19, 135),(19, 139),(19, 149),(19, 157),(19, 159),(19, 160),(19, 161),(19, 164),(19, 165),(19, 166),(19, 167),(19, 168),(19, 169),(19, 170),(19, 171),(19, 172),(19, 173),(19, 174),(19, 175),(19, 176),(19, 177),(19, 182),(19, 183),(19, 184),(20, 21),(20, 22),(20, 23),(20, 24),(20, 25),(20, 26),(20, 27),(20, 28),(20, 29),(20, 30),(20, 31),(20, 32),(20, 34),(20, 35),(20, 36),(20, 37),(20, 38),(20, 39),(20, 40),(20, 41),(20, 42),(20, 43),(20, 44),(20, 45),(20, 46),(20, 47),(20, 55),(20, 56),(20, 57),(20, 58),(20, 59),(20, 60),(20, 62),(20, 68),(20, 69),(20, 71),(20, 72),(20, 73),(20, 74),(20, 75),(20, 76),(20, 77),(20, 78),(20, 79),(20, 80),(20, 81),(20, 82),(20, 83),(20, 84),(20, 85),(20, 86),(20, 87),(20, 88),(20, 89),(20, 90),(20, 91),(20, 92),(20, 93),(20, 94),(20, 95),(20, 96),(20, 97),(20, 98),(20, 99),(20, 109),(20, 110),(20, 113),(20, 114),(20, 115),(20, 116),(20, 119),(20, 121),(20, 122),(20, 123),(20, 124),(20, 125),(20, 127),(20, 129),(20, 131),(20, 135),(20, 139),(20, 149),(20, 157),(20, 159),(20, 160),(20, 161),(20, 162),(20, 164),(20, 165),(20, 166),(20, 167),(20, 168),(20, 169),(20, 170),(20, 171),(20, 172),(20, 173),(20, 174),(20, 175),(20, 176),(20, 177),(20, 182),(20, 183),(20, 184),(21, 22),(21, 23),(21, 24),(21, 25),(21, 26),(21, 27),(21, 28),(21, 29),(21, 30),(21, 31),(21, 32),(21, 34),(21, 35),(21, 36),(21, 37),(21, 38),(21, 39),(21, 40),(21, 41),(21, 42),(21, 43),(21, 44),(21, 45),(21, 46),(21, 47),(21, 48),(21, 55),(21, 56),(21, 57),(21, 58),(21, 59),(21, 60),(21, 62),(21, 68),(21, 69),(21, 71),(21, 72),(21, 73),(21, 74),(21, 75),(21, 76),(21, 77),(21, 78),(21, 79),(21, 80),(21, 81),(21, 82),(21, 83),(21, 84),(21, 85),(21, 86),(21, 87),(21, 88),(21, 89),(21, 90),(21, 91),(21, 92),(21, 93),(21, 94),(21, 95),(21, 96),(21, 97),(21, 98),(21, 99),(21, 109),(21, 110),(21, 113),(21, 114),(21, 115),(21, 116),(21, 119),(21, 121),(21, 122),(21, 123),(21, 124),(21, 125),(21, 127),(21, 129),(21, 131),(21, 135),(21, 139),(21, 149),(21, 157),(21, 159),(21, 160),(21, 161),(21, 162),(21, 163),(21, 164),(21, 165),(21, 166),(21, 167),(21, 168),(21, 169),(21, 170),(21, 171),(21, 172),(21, 173),(21, 174),(21, 175),(21, 176),(21, 177),(21, 182),(21, 183),(21, 184),(22, 23),(22, 24),(22, 25),(22, 26),(22, 27),(22, 28),(22, 29),(22, 30),(22, 31),(22, 32),(22, 34),(22, 35),(22, 36),(22, 37),(22, 38),(22, 39),(22, 40),(22, 41),(22, 42),(22, 43),(22, 44),(22, 45),(22, 46),(22, 47),(22, 48),(22, 49),(22, 55),(22, 56),(22, 57),(22, 58),(22, 59),(22, 60),(22, 62),(22, 68),(22, 69),(22, 71),(22, 72),(22, 73),(22, 74),(22, 75),(22, 76),(22, 77),(22, 78),(22, 79),(22, 80),(22, 81),(22, 82),(22, 83),(22, 84),(22, 85),(22, 86),(22, 87),(22, 88),(22, 89),(22, 90),(22, 91),(22, 92),(22, 93),(22, 94),(22, 95),(22, 96),(22, 97),(22, 98),(22, 99),(22, 109),(22, 110),(22, 113),(22, 114),(22, 115),(22, 116),(22, 119),(22, 121),(22, 122),(22, 123),(22, 124),(22, 125),(22, 127),(22, 129),(22, 131),(22, 135),(22, 139),(22, 149),(22, 157),(22, 159),(22, 160),(22, 161),(22, 162),(22, 163),(22, 164),(22, 165),(22, 166),(22, 167),(22, 168),(22, 169),(22, 170),(22, 171),(22, 172),(22, 173),(22, 174),(22, 175),(22, 176),(22, 177),(22, 182),(22, 183),(22, 184),(23, 24),(23, 25),(23, 26),(23, 27),(23, 28),(23, 29),(23, 30),(23, 31),(23, 32),(23, 34),(23, 35),(23, 36),(23, 37),(23, 38),(23, 39),(23, 40),(23, 41),(23, 42),(23, 43),(23, 44),(23, 45),(23, 46),(23, 47),(23, 48),(23, 49),(23, 50),(23, 55),(23, 56),(23, 57),(23, 58),(23, 59),(23, 60),(23, 62),(23, 68),(23, 69),(23, 71),(23, 72),(23, 73),(23, 74),(23, 75),(23, 76),(23, 77),(23, 78),(23, 79),(23, 80),(23, 81),(23, 82),(23, 83),(23, 84),(23, 85),(23, 86),(23, 87),(23, 88),(23, 89),(23, 90),(23, 91),(23, 92),(23, 93),(23, 94),(23, 95),(23, 96),(23, 97),(23, 98),(23, 99),(23, 109),(23, 110),(23, 113),(23, 114),(23, 115),(23, 116),(23, 119),(23, 121),(23, 122),(23, 123),(23, 124),(23, 125),(23, 127),(23, 129),(23, 131),(23, 135),(23, 139),(23, 149),(23, 157),(23, 159),(23, 160),(23, 161),(23, 162),(23, 163),(23, 164),(23, 165),(23, 166),(23, 167),(23, 168),(23, 169),(23, 170),(23, 171),(23, 172),(23, 173),(23, 174),(23, 175),(23, 176),(23, 177),(23, 182),(23, 183),(23, 184),(24, 25),(24, 26),(24, 27),(24, 28),(24, 29),(24, 30),(24, 31),(24, 32),(24, 34),(24, 35),(24, 36),(24, 37),(24, 38),(24, 39),(24, 40),(24, 41),(24, 42),(24, 43),(24, 44),(24, 45),(24, 46),(24, 47),(24, 48),(24, 49),(24, 50),(24, 51),(24, 55),(24, 56),(24, 57),(24, 58),(24, 59),(24, 60),(24, 62),(24, 68),(24, 69),(24, 71),(24, 72),(24, 73),(24, 74),(24, 75),(24, 76),(24, 77),(24, 78),(24, 79),(24, 80),(24, 81),(24, 82),(24, 83),(24, 84),(24, 85),(24, 86),(24, 87),(24, 88),(24, 89),(24, 90),(24, 91),(24, 92),(24, 93),(24, 94),(24, 95),(24, 96),(24, 97),(24, 98),(24, 99),(24, 109),(24, 110),(24, 113),(24, 114),(24, 115),(24, 116),(24, 119),(24, 121),(24, 122),(24, 123),(24, 124),(24, 125),(24, 127),(24, 129),(24, 131),(24, 135),(24, 139),(24, 149),(24, 157),(24, 159),(24, 160),(24, 161),(24, 162),(24, 163),(24, 164),(24, 165),(24, 166),(24, 167),(24, 168),(24, 169),(24, 170),(24, 171),(24, 172),(24, 173),(24, 174),(24, 175),(24, 176),(24, 177),(24, 182),(24, 183),(24, 184),(25, 26),(25, 27),(25, 28),(25, 29),(25, 30),(25, 31),(25, 32),(25, 34),(25, 35),(25, 36),(25, 37),(25, 38),(25, 39),(25, 40),(25, 41),(25, 42),(25, 43),(25, 44),(25, 45),(25, 46),(25, 47),(25, 48),(25, 49),(25, 50),(25, 51),(25, 52),(25, 55),(25, 56),(25, 57),(25, 58),(25, 59),(25, 60),(25, 62),(25, 68),(25, 69),(25, 71),(25, 72),(25, 73),(25, 74),(25, 75),(25, 76),(25, 77),(25, 78),(25, 79),(25, 80),(25, 81),(25, 82),(25, 83),(25, 84),(25, 85),(25, 86),(25, 87),(25, 88),(25, 89),(25, 90),(25, 91),(25, 92),(25, 93),(25, 94),(25, 95),(25, 96),(25, 97),(25, 98),(25, 99),(25, 109),(25, 110),(25, 113),(25, 114),(25, 115),(25, 116),(25, 119),(25, 121),(25, 122),(25, 123),(25, 124),(25, 125),(25, 127),(25, 129),(25, 131),(25, 135),(25, 139),(25, 149),(25, 157),(25, 159),(25, 160),(25, 161),(25, 162),(25, 163),(25, 164),(25, 165),(25, 166),(25, 167),(25, 168),(25, 169),(25, 170),(25, 171),(25, 172),(25, 173),(25, 174),(25, 175),(25, 176),(25, 177),(25, 182),(25, 183),(25, 184),(26, 27),(26, 28),(26, 29),(26, 30),(26, 31),(26, 32),(26, 34),(26, 35),(26, 36),(26, 37),(26, 38),(26, 39),(26, 40),(26, 41),(26, 42),(26, 43),(26, 44),(26, 45),(26, 46),(26, 47),(26, 48),(26, 49),(26, 50),(26, 51),(26, 52),(26, 53),(26, 55),(26, 56),(26, 57),(26, 58),(26, 59),(26, 60),(26, 62),(26, 68),(26, 69),(26, 71),(26, 72),(26, 73),(26, 74),(26, 75),(26, 76),(26, 77),(26, 78),(26, 79),(26, 80),(26, 81),(26, 82),(26, 83),(26, 84),(26, 85),(26, 86),(26, 87),(26, 88),(26, 89),(26, 90),(26, 91),(26, 92),(26, 93),(26, 94),(26, 95),(26, 96),(26, 97),(26, 98),(26, 99),(26, 109),(26, 110),(26, 113),(26, 114),(26, 115),(26, 116),(26, 119),(26, 121),(26, 122),(26, 123),(26, 124),(26, 125),(26, 127),(26, 129),(26, 131),(26, 135),(26, 139),(26, 149),(26, 157),(26, 159),(26, 160),(26, 161),(26, 162),(26, 163),(26, 164),(26, 165),(26, 166),(26, 167),(26, 168),(26, 169),(26, 170),(26, 171),(26, 172),(26, 173),(26, 174),(26, 175),(26, 176),(26, 177),(26, 182),(26, 183),(26, 184),(27, 28),(27, 29),(27, 30),(27, 31),(27, 32),(27, 34),(27, 35),(27, 36),(27, 37),(27, 38),(27, 39),(27, 40),(27, 41),(27, 42),(27, 43),(27, 44),(27, 45),(27, 55),(27, 56),(27, 57),(27, 58),(27, 59),(27, 60),(27, 62),(27, 68),(27, 69),(27, 71),(27, 72),(27, 73),(27, 74),(27, 75),(27, 76),(27, 77),(27, 78),(27, 79),(27, 80),(27, 81),(27, 82),(27, 83),(27, 84),(27, 85),(27, 86),(27, 87),(27, 88),(27, 89),(27, 90),(27, 91),(27, 92),(27, 93),(27, 94),(27, 95),(27, 96),(27, 97),(27, 98),(27, 99),(27, 109),(27, 110),(27, 113),(27, 114),(27, 115),(27, 116),(27, 119),(27, 121),(27, 122),(27, 123),(27, 124),(27, 125),(27, 127),(27, 129),(27, 131),(27, 135),(27, 139),(27, 149),(27, 157),(27, 159),(27, 160),(27, 164),(27, 165),(27, 166),(27, 167),(27, 168),(27, 169),(27, 170),(27, 171),(27, 172),(27, 173),(27, 174),(27, 175),(27, 176),(27, 177),(27, 182),(27, 183),(27, 184),(28, 29),(28, 30),(28, 31),(28, 32),(28, 34),(28, 35),(28, 36),(28, 37),(28, 38),(28, 39),(28, 40),(28, 41),(28, 42),(28, 43),(28, 44),(28, 45),(28, 55),(28, 56),(28, 57),(28, 58),(28, 59),(28, 60),(28, 62),(28, 68),(28, 69),(28, 71),(28, 72),(28, 73),(28, 74),(28, 75),(28, 76),(28, 77),(28, 78),(28, 79),(28, 80),(28, 81),(28, 82),(28, 83),(28, 84),(28, 85),(28, 86),(28, 87),(28, 88),(28, 89),(28, 90),(28, 91),(28, 92),(28, 93),(28, 94),(28, 95),(28, 96),(28, 97),(28, 98),(28, 99),(28, 109),(28, 110),(28, 113),(28, 114),(28, 115),(28, 116),(28, 119),(28, 121),(28, 122),(28, 123),(28, 124),(28, 125),(28, 127),(28, 129),(28, 131),(28, 135),(28, 139),(28, 149),(28, 157),(28, 159),(28, 160),(28, 164),(28, 165),(28, 166),(28, 167),(28, 168),(28, 169),(28, 170),(28, 171),(28, 172),(28, 173),(28, 174),(28, 175),(28, 176),(28, 177),(28, 182),(28, 183),(28, 184),(29, 30),(29, 31),(29, 32),(29, 34),(29, 35),(29, 36),(29, 37),(29, 38),(29, 39),(29, 40),(29, 41),(29, 42),(29, 43),(29, 44),(29, 45),(29, 55),(29, 56),(29, 57),(29, 58),(29, 59),(29, 60),(29, 62),(29, 68),(29, 69),(29, 71),(29, 72),(29, 73),(29, 74),(29, 75),(29, 76),(29, 77),(29, 78),(29, 79),(29, 80),(29, 81),(29, 82),(29, 83),(29, 84),(29, 85),(29, 86),(29, 87),(29, 88),(29, 89),(29, 90),(29, 91),(29, 92),(29, 93),(29, 94),(29, 95),(29, 96),(29, 97),(29, 98),(29, 99),(29, 109),(29, 110),(29, 113),(29, 114),(29, 115),(29, 116),(29, 119),(29, 121),(29, 122),(29, 123),(29, 124),(29, 125),(29, 127),(29, 129),(29, 131),(29, 135),(29, 139),(29, 149),(29, 157),(29, 159),(29, 160),(29, 164),(29, 165),(29, 166),(29, 167),(29, 168),(29, 169),(29, 170),(29, 171),(29, 172),(29, 173),(29, 174),(29, 175),(29, 176),(29, 177),(29, 182),(29, 183),(29, 184),(30, 31),(30, 32),(30, 34),(30, 35),(30, 36),(30, 37),(30, 38),(30, 39),(30, 40),(30, 41),(30, 42),(30, 43),(30, 44),(30, 45),(30, 55),(30, 56),(30, 57),(30, 58),(30, 59),(30, 60),(30, 62),(30, 68),(30, 69),(30, 71),(30, 72),(30, 73),(30, 74),(30, 75),(30, 76),(30, 77),(30, 78),(30, 79),(30, 80),(30, 81),(30, 82),(30, 83),(30, 84),(30, 85),(30, 86),(30, 87),(30, 88),(30, 89),(30, 90),(30, 91),(30, 92),(30, 93),(30, 94),(30, 95),(30, 96),(30, 97),(30, 98),(30, 99),(30, 109),(30, 110),(30, 113),(30, 114),(30, 115),(30, 116),(30, 119),(30, 121),(30, 122),(30, 123),(30, 124),(30, 125),(30, 127),(30, 129),(30, 131),(30, 135),(30, 139),(30, 149),(30, 157),(30, 159),(30, 160),(30, 164),(30, 165),(30, 166),(30, 167),(30, 168),(30, 169),(30, 170),(30, 171),(30, 172),(30, 173),(30, 174),(30, 175),(30, 176),(30, 177),(30, 182),(30, 183),(30, 184),(31, 32),(31, 34),(31, 35),(31, 36),(31, 37),(31, 38),(31, 39),(31, 40),(31, 41),(31, 42),(31, 43),(31, 44),(31, 45),(31, 55),(31, 56),(31, 57),(31, 58),(31, 59),(31, 60),(31, 62),(31, 68),(31, 69),(31, 71),(31, 72),(31, 73),(31, 74),(31, 75),(31, 76),(31, 77),(31, 78),(31, 79),(31, 80),(31, 81),(31, 82),(31, 83),(31, 84),(31, 85),(31, 86),(31, 87),(31, 88),(31, 89),(31, 90),(31, 91),(31, 92),(31, 93),(31, 94),(31, 95),(31, 96),(31, 97),(31, 98),(31, 99),(31, 109),(31, 110),(31, 113),(31, 114),(31, 115),(31, 116),(31, 119),(31, 121),(31, 122),(31, 123),(31, 124),(31, 125),(31, 127),(31, 129),(31, 131),(31, 135),(31, 139),(31, 149),(31, 157),(31, 159),(31, 160),(31, 164),(31, 165),(31, 166),(31, 167),(31, 168),(31, 169),(31, 170),(31, 171),(31, 172),(31, 173),(31, 174),(31, 175),(31, 176),(31, 177),(31, 182),(31, 183),(31, 184),(32, 34),(32, 35),(32, 36),(32, 37),(32, 38),(32, 39),(32, 40),(32, 41),(32, 42),(32, 43),(32, 44),(32, 45),(32, 55),(32, 56),(32, 57),(32, 58),(32, 59),(32, 60),(32, 62),(32, 68),(32, 69),(32, 71),(32, 72),(32, 73),(32, 74),(32, 75),(32, 76),(32, 77),(32, 78),(32, 79),(32, 80),(32, 81),(32, 82),(32, 83),(32, 84),(32, 85),(32, 86),(32, 87),(32, 88),(32, 89),(32, 90),(32, 91),(32, 92),(32, 93),(32, 94),(32, 95),(32, 96),(32, 97),(32, 98),(32, 99),(32, 109),(32, 110),(32, 113),(32, 114),(32, 115),(32, 116),(32, 119),(32, 121),(32, 122),(32, 123),(32, 124),(32, 125),(32, 127),(32, 129),(32, 131),(32, 135),(32, 139),(32, 149),(32, 157),(32, 159),(32, 160),(32, 164),(32, 165),(32, 166),(32, 167),(32, 168),(32, 169),(32, 170),(32, 171),(32, 172),(32, 173),(32, 174),(32, 175),(32, 176),(32, 177),(32, 182),(32, 183),(32, 184),(33, 67),(33, 66),(33, 70),(33, 65),(33, 107),(33, 111),(33, 49),(33, 50),(33, 51),(33, 52),(33, 53),(33, 54),(33, 61),(33, 63),(34, 131),(34, 86),(34, 71),(34, 96),(34, 139),(34, 93),(34, 95),(34, 90),(34, 129),(34, 92),(34, 135),(34, 83),(34, 89),(34, 127),(34, 60),(34, 85),(35, 86),(35, 71),(35, 96),(35, 93),(35, 95),(35, 90),(35, 92),(35, 157),(35, 83),(35, 89),(35, 60),(35, 85),(36, 149),(36, 86),(36, 71),(36, 96),(36, 93),(36, 95),(36, 90),(36, 92),(36, 83),(36, 89),(36, 60),(36, 85),(37, 182),(37, 177),(37, 176),(49, 128),(49, 146),(49, 147),(49, 155),(49, 154),(49, 51),(49, 133),(49, 162),(49, 163),(49, 134),(49, 145),(49, 136),(49, 50),(49, 179),(49, 52),(49, 53),(49, 54),(49, 137),(49, 132),(49, 180),(49, 151),(49, 61),(49, 63),(49, 64),(49, 65),(49, 66),(49, 67),(49, 70),(49, 161),(49, 141),(49, 120),(49, 142),(49, 152),(49, 143),(49, 130),(49, 144),(49, 100),(49, 101),(49, 102),(49, 103),(49, 104),(49, 105),(49, 106),(49, 107),(49, 111),(49, 112),(49, 117),(49, 118),(49, 153),(50, 128),(50, 146),(50, 147),(50, 155),(50, 154),(50, 51),(50, 133),(50, 162),(50, 163),(50, 134),(50, 145),(50, 179),(50, 52),(50, 53),(50, 54),(50, 137),(50, 132),(50, 180),(50, 151),(50, 61),(50, 63),(50, 64),(50, 65),(50, 66),(50, 67),(50, 70),(50, 161),(50, 141),(50, 120),(50, 142),(50, 152),(50, 143),(50, 130),(50, 144),(50, 100),(50, 101),(50, 102),(50, 103),(50, 104),(50, 105),(50, 106),(50, 107),(50, 111),(50, 112),(50, 117),(50, 118),(50, 153),(50, 136),(51, 128),(51, 146),(51, 147),(51, 153),(51, 155),(51, 154),(51, 133),(51, 162),(51, 163),(51, 134),(51, 145),(51, 179),(51, 52),(51, 53),(51, 54),(51, 137),(51, 132),(51, 180),(51, 151),(51, 61),(51, 63),(51, 64),(51, 65),(51, 66),(51, 67),(51, 70),(51, 161),(51, 141),(51, 142),(51, 152),(51, 143),(51, 130),(51, 144),(51, 100),(51, 101),(51, 102),(51, 103),(51, 104),(51, 105),(51, 106),(51, 107),(51, 111),(51, 112),(51, 117),(51, 118),(51, 120),(51, 136),(52, 128),(52, 146),(52, 147),(52, 153),(52, 152),(52, 155),(52, 154),(52, 133),(52, 162),(52, 163),(52, 134),(52, 145),(52, 179),(52, 180),(52, 53),(52, 54),(52, 137),(52, 132),(52, 151),(52, 61),(52, 63),(52, 64),(52, 65),(52, 66),(52, 67),(52, 70),(52, 161),(52, 141),(52, 142),(52, 143),(52, 130),(52, 144),(52, 100),(52, 101),(52, 102),(52, 103),(52, 104),(52, 105),(52, 106),(52, 107),(52, 111),(52, 112),(52, 117),(52, 118),(52, 120),(52, 136),(53, 128),(53, 146),(53, 147),(53, 151),(53, 152),(53, 153),(53, 155),(53, 154),(53, 133),(53, 162),(53, 163),(53, 134),(53, 145),(53, 179),(53, 54),(53, 137),(53, 132),(53, 180),(53, 61),(53, 63),(53, 64),(53, 65),(53, 66),(53, 67),(53, 70),(53, 161),(53, 141),(53, 142),(53, 143),(53, 130),(53, 144),(53, 100),(53, 101),(53, 102),(53, 103),(53, 104),(53, 105),(53, 106),(53, 107),(53, 111),(53, 112),(53, 117),(53, 118),(53, 120),(53, 136),(54, 128),(54, 146),(54, 147),(54, 151),(54, 152),(54, 153),(54, 154),(54, 155),(54, 133),(54, 162),(54, 163),(54, 134),(54, 145),(54, 179),(54, 137),(54, 132),(54, 180),(54, 61),(54, 63),(54, 64),(54, 65),(54, 66),(54, 67),(54, 70),(54, 161),(54, 141),(54, 142),(54, 143),(54, 130),(54, 144),(54, 100),(54, 101),(54, 102),(54, 103),(54, 104),(54, 105),(54, 106),(54, 107),(54, 111),(54, 112),(54, 117),(54, 118),(54, 120),(54, 136),(60, 135),(60, 139),(60, 129),(60, 157),(60, 62),(60, 123),(60, 68),(60, 69),(60, 71),(60, 72),(60, 73),(60, 74),(60, 75),(60, 76),(60, 77),(60, 78),(60, 79),(60, 80),(60, 81),(60, 82),(60, 83),(60, 84),(60, 85),(60, 86),(60, 87),(60, 88),(60, 89),(60, 90),(60, 91),(60, 92),(60, 93),(60, 94),(60, 95),(60, 96),(60, 97),(60, 98),(60, 99),(60, 131),(60, 109),(60, 110),(60, 113),(60, 114),(60, 115),(60, 116),(60, 119),(60, 121),(60, 122),(60, 127),(60, 124),(60, 149),(61, 128),(61, 146),(61, 147),(61, 151),(61, 152),(61, 153),(61, 154),(61, 155),(61, 133),(61, 134),(61, 145),(61, 137),(61, 132),(61, 63),(61, 64),(61, 65),(61, 66),(61, 67),(61, 70),(61, 141),(61, 142),(61, 143),(61, 130),(61, 144),(61, 100),(61, 101),(61, 102),(61, 103),(61, 104),(61, 105),(61, 106),(61, 107),(61, 111),(61, 112),(61, 117),(61, 118),(61, 120),(61, 136),(63, 128),(63, 146),(63, 147),(63, 151),(63, 152),(63, 153),(63, 154),(63, 155),(63, 133),(63, 134),(63, 145),(63, 137),(63, 132),(63, 64),(63, 65),(63, 66),(63, 67),(63, 70),(63, 141),(63, 142),(63, 143),(63, 130),(63, 144),(63, 100),(63, 101),(63, 102),(63, 103),(63, 104),(63, 105),(63, 106),(63, 107),(63, 111),(63, 112),(63, 117),(63, 118),(63, 120),(63, 136),(65, 128),(65, 146),(65, 147),(65, 151),(65, 152),(65, 153),(65, 154),(65, 155),(65, 133),(65, 134),(65, 145),(65, 137),(65, 132),(65, 66),(65, 67),(65, 70),(65, 141),(65, 142),(65, 143),(65, 130),(65, 144),(65, 100),(65, 101),(65, 102),(65, 103),(65, 104),(65, 105),(65, 106),(65, 107),(65, 111),(65, 112),(65, 117),(65, 118),(65, 120),(65, 136),(66, 128),(66, 146),(66, 147),(66, 151),(66, 152),(66, 153),(66, 154),(66, 155),(66, 133),(66, 134),(66, 145),(66, 137),(66, 132),(66, 67),(66, 70),(66, 141),(66, 142),(66, 143),(66, 130),(66, 144),(66, 100),(66, 101),(66, 102),(66, 103),(66, 104),(66, 105),(66, 106),(66, 107),(66, 111),(66, 112),(66, 117),(66, 118),(66, 120),(66, 136),(67, 128),(67, 146),(67, 147),(67, 151),(67, 152),(67, 153),(67, 154),(67, 155),(67, 133),(67, 134),(67, 145),(67, 137),(67, 132),(67, 70),(67, 141),(67, 142),(67, 143),(67, 130),(67, 144),(67, 100),(67, 101),(67, 102),(67, 103),(67, 104),(67, 105),(67, 106),(67, 107),(67, 111),(67, 112),(67, 117),(67, 118),(67, 120),(67, 136),(69, 71),(69, 72),(69, 73),(69, 74),(70, 128),(70, 146),(70, 147),(70, 151),(70, 152),(70, 153),(70, 154),(70, 155),(70, 133),(70, 134),(70, 145),(70, 137),(70, 132),(70, 130),(70, 141),(70, 142),(70, 143),(70, 144),(70, 100),(70, 101),(70, 102),(70, 103),(70, 104),(70, 105),(70, 106),(70, 107),(70, 111),(70, 112),(70, 117),(70, 118),(70, 120),(70, 136),(71, 131),(71, 135),(71, 139),(71, 129),(71, 157),(71, 123),(71, 72),(71, 73),(71, 74),(71, 75),(71, 76),(71, 77),(71, 78),(71, 79),(71, 80),(71, 81),(71, 82),(71, 83),(71, 84),(71, 85),(71, 86),(71, 87),(71, 88),(71, 89),(71, 90),(71, 91),(71, 92),(71, 93),(71, 94),(71, 95),(71, 96),(71, 97),(71, 98),(71, 99),(71, 109),(71, 110),(71, 113),(71, 114),(71, 115),(71, 116),(71, 119),(71, 121),(71, 122),(71, 127),(71, 124),(71, 149),(73, 74),(77, 78),(77, 79),(77, 80),(77, 81),(78, 79),(78, 80),(78, 81),(78, 82),(78, 83),(79, 80),(79, 81),(79, 82),(79, 83),(79, 84),(80, 81),(80, 82),(80, 83),(80, 84),(80, 85),(81, 86),(81, 87),(81, 82),(81, 83),(81, 84),(81, 85),(82, 86),(82, 87),(82, 84),(82, 83),(82, 89),(82, 88),(82, 85),(83, 131),(83, 135),(83, 139),(83, 129),(83, 157),(83, 123),(83, 84),(83, 85),(83, 86),(83, 87),(83, 88),(83, 89),(83, 90),(83, 91),(83, 92),(83, 93),(83, 94),(83, 95),(83, 96),(83, 97),(83, 98),(83, 99),(83, 109),(83, 110),(83, 113),(83, 114),(83, 115),(83, 116),(83, 119),(83, 121),(83, 122),(83, 127),(83, 124),(83, 149),(84, 86),(84, 85),(85, 131),(85, 135),(85, 139),(85, 129),(85, 157),(85, 123),(85, 86),(85, 87),(85, 88),(85, 89),(85, 90),(85, 91),(85, 92),(85, 93),(85, 94),(85, 95),(85, 96),(85, 97),(85, 98),(85, 99),(85, 109),(85, 110),(85, 113),(85, 114),(85, 115),(85, 116),(85, 119),(85, 121),(85, 122),(85, 127),(85, 124),(85, 149),(86, 131),(86, 135),(86, 139),(86, 129),(86, 157),(86, 123),(86, 87),(86, 88),(86, 89),(86, 90),(86, 91),(86, 92),(86, 93),(86, 94),(86, 95),(86, 96),(86, 97),(86, 98),(86, 99),(86, 109),(86, 110),(86, 113),(86, 114),(86, 115),(86, 116),(86, 119),(86, 121),(86, 122),(86, 127),(86, 124),(86, 149),(87, 91),(87, 90),(87, 92),(87, 89),(87, 88),(88, 91),(88, 90),(88, 92),(88, 93),(88, 94),(88, 89),(88, 95),(89, 131),(89, 135),(89, 139),(89, 149),(89, 129),(89, 157),(89, 123),(89, 90),(89, 91),(89, 92),(89, 93),(89, 94),(89, 95),(89, 96),(89, 97),(89, 98),(89, 99),(89, 109),(89, 110),(89, 113),(89, 114),(89, 115),(89, 116),(89, 119),(89, 121),(89, 122),(89, 127),(89, 124),(90, 131),(90, 135),(90, 139),(90, 149),(90, 129),(90, 157),(90, 123),(90, 91),(90, 92),(90, 93),(90, 94),(90, 95),(90, 96),(90, 97),(90, 98),(90, 99),(90, 109),(90, 110),(90, 113),(90, 114),(90, 115),(90, 116),(90, 119),(90, 121),(90, 122),(90, 127),(90, 124),(92, 131),(92, 135),(92, 139),(92, 149),(92, 129),(92, 157),(92, 123),(92, 93),(92, 94),(92, 95),(92, 96),(92, 97),(92, 98),(92, 99),(92, 109),(92, 110),(92, 113),(92, 114),(92, 115),(92, 116),(92, 119),(92, 121),(92, 122),(92, 127),(92, 124),(93, 131),(93, 135),(93, 139),(93, 149),(93, 129),(93, 157),(93, 123),(93, 94),(93, 95),(93, 96),(93, 97),(93, 98),(93, 99),(93, 109),(93, 110),(93, 113),(93, 114),(93, 115),(93, 116),(93, 119),(93, 121),(93, 122),(93, 127),(93, 124),(95, 131),(95, 135),(95, 139),(95, 149),(95, 129),(95, 157),(95, 123),(95, 96),(95, 97),(95, 98),(95, 99),(95, 109),(95, 110),(95, 113),(95, 114),(95, 115),(95, 116),(95, 119),(95, 121),(95, 122),(95, 127),(95, 124),(96, 131),(96, 135),(96, 139),(96, 149),(96, 129),(96, 157),(96, 123),(96, 97),(96, 98),(96, 99),(96, 109),(96, 110),(96, 113),(96, 114),(96, 115),(96, 116),(96, 119),(96, 121),(96, 122),(96, 127),(96, 124),(98, 99),(107, 151),(107, 152),(107, 153),(107, 154),(107, 155),(109, 110),(113, 115),(113, 114),(113, 116),(114, 115),(114, 116),(114, 119),(115, 116),(116, 119),(117, 118),(122, 123),(127, 131),(127, 129),(127, 135),(128, 132),(128, 130),(128, 133),(130, 132),(134, 136),(141, 143),(141, 144),(141, 142),(142, 143),(145, 146),(159, 160),(161, 162),(161, 163),(162, 163),(164, 165),(166, 167),(166, 168),(166, 169),(166, 170),(166, 171),(166, 172),(166, 173),(167, 168),(167, 169),(167, 170),(167, 171),(167, 172),(167, 173),(168, 169),(168, 170),(168, 171),(168, 172),(168, 173),(169, 170),(169, 171),(169, 172),(169, 173),(170, 171),(170, 172),(170, 173),(171, 172),(171, 173),(172, 173),(174, 175),(175, 176),(176, 177),(176, 182),(177, 182);
set Idx := 0,1,2,3,4,5,6,7,8,9,10,11,12,13,14,15,16,17,18,19,20,21,22,23,24,25,26,27,28,29,30,31,32,33,34,35,36,37,38,39,40,41,42,43,44,45,46,47,48,49,50,51,52,53,54,55,56,57,58,59,60,61,62,63,64,65,66,67,68,69,70,71,72,73,74,75,76,77,78,79,80,81,82,83,84,85,86,87,88,89,90,91,92,93,94,95,96,97,98,99,100,101,102,103,104,105,106,107,108,109,110,111,112,113,114,115,116,117,118,119,120,121,122,123,124,125,126,127,128,129,130,131,132,133,134,135,136,137,138,139,140,141,142,143,144,145,146,147,148,149,150,151,152,153,154,155,156,157,158,159,160,161,162,163,164,165,166,167,168,169,170,171,172,173,174,175,176,177,178,179,180,181,182,183,184,185,186,187,188,189,190,191,192,193,194,195;
set cnt := (107, 10),(103, 15),(112, 10),(130, 18),(140, 27),(61, 10),(92, 3),(39, 17),(2, 5),(33, 30),(192, 1),(164, 18),(15, 30),(154, 29),(195, 1),(111, 10),(127, 17),(88, 10),(175, 8),(38, 17),(44, 9),(49, 15),(124, 24),(142, 28),(186, 15),(75, 11),(187, 14),(106, 10),(29, 30),(34, 30),(76, 12),(194, 1),(59, 10),(126, 17),(139, 26),(150, 29),(10, 23),(117, 17),(72, 5),(37, 29),(99, 15),(70, 7),(83, 14),(138, 25),(169, 10),(54, 4),(183, 14),(64, 4),(30, 30),(116, 17),(167, 9),(172, 15),(151, 31),(96, 15),(119, 17),(178, 14),(46, 7),(71, 5),(58, 10),(9, 25),(89, 10),(110, 10),(42, 11),(26, 29),(118, 17),(16, 29),(73, 9),(161, 17),(51, 15),(93, 1),(3, 6),(45, 8),(18, 31),(137, 24),(98, 14),(158, 24),(77, 13),(144, 30),(166, 10),(179, 14),(184, 14),(22, 29),(114, 18),(87, 12),(56, 10),(4, 6),(5, 7),(149, 29),(82, 16),(62, 10),(109, 8),(180, 14),(162, 17),(94, 1),(136, 23),(105, 15),(148, 29),(189, 1),(163, 18),(35, 29),(108, 10),(31, 30),(171, 15),(36, 30),(174, 8),(74, 10),(101, 15),(188, 1),(53, 6),(84, 15),(115, 20),(81, 17),(191, 1),(85, 14),(25, 29),(65, 3),(121, 17),(86, 13),(176, 10),(160, 24),(12, 25),(1, 4),(52, 4),(132, 20),(40, 15),(153, 28),(134, 19),(190, 1),(24, 29),(41, 14),(55, 10),(120, 17),(60, 10),(165, 17),(7, 13),(145, 30),(21, 29),(141, 27),(91, 10),(123, 17),(185, 14),(157, 24),(32, 30),(13, 31),(57, 10),(152, 30),(14, 30),(129, 17),(20, 29),(11, 23),(0, 16),(66, 3),(122, 17),(156, 26),(146, 30),(47, 16),(104, 15),(27, 29),(181, 14),(125, 17),(48, 16),(28, 30),(147, 29),(50, 15),(95, 16),(100, 16),(128, 17),(135, 19),(170, 15),(90, 10),(67, 4),(155, 28),(113, 18),(193, 1),(43, 10),(69, 6),(23, 29),(168, 10),(182, 14),(143, 29),(159, 24),(133, 21),(8, 17),(6, 12),(63, 4),(177, 10),(68, 4),(17, 30),(173, 15),(97, 15),(131, 18),(80, 15),(78, 14),(79, 15),(19, 30),(102, 14);