set Q := 
(0 , *) 2 , 34 , 18 , 26 , 42 , 10
(1 , *) 2 , 34 , 18 , 6 , 30
(2 , *) 2 , 4 , 16 , 10 , 18
(3 , *) 2 , 4 , 18 , 6
(4 , *) 2 , 4 , 3 , 1 , 5 , 6 , 7
(5 , *) 2 , 4 , 3 , 10
(6 , *) 2 , 5 , 26 , 23
(7 , *) 2 , 7 , 42 , 37
(8 , *) 2 , 9 , 16 , 8 , 10
(9 , *) 2 , 9 , 16 , 37 , 44 , 30 , 23
(10 , *) 2 , 9 , 1 , 8
(11 , *) 2 , 9 , 1 , 3
(12 , *) 2 , 9 , 3 , 10
(13 , *) 2 , 18 , 16 , 30
(14 , *) 2 , 26 , 44 , 23
(15 , *) 3 , 35 , 19 , 11 , 27
(16 , *) 3 , 35 , 19 , 31 , 7
(17 , *) 3 , 4 , 11 , 10
(18 , *) 3 , 4 , 11 , 5
(19 , *) 3 , 6 , 24 , 27
(20 , *) 3 , 7 , 19 , 5
(21 , *) 3 , 17 , 1 , 9 , 15
(22 , *) 3 , 17 , 1 , 5
(23 , *) 3 , 17 , 10 , 9 , 11
(24 , *) 3 , 17 , 10 , 38 , 24 , 45 , 31
(25 , *) 3 , 17 , 19 , 11 , 5
(26 , *) 3 , 17 , 19 , 15 , 31
(27 , *) 3 , 27 , 24 , 45
(28 , *) 5 , 1 , 33 , 17 , 29
(29 , *) 5 , 4 , 12 , 11
(30 , *) 5 , 4 , 12 , 6
(31 , *) 5 , 6 , 13 , 12
(32 , *) 5 , 6 , 13 , 7
(33 , *) 5 , 19 , 33 , 40 , 26 , 12 , 47
(34 , *) 5 , 19 , 33 , 17 , 21
(35 , *) 5 , 19 , 11 , 12 , 13
(36 , *) 5 , 19 , 13 , 21 , 7
(37 , *) 5 , 23 , 26 , 47
(38 , *) 5 , 23 , 11 , 17 , 29
(39 , *) 6 , 1 , 41 , 36
(40 , *) 6 , 36 , 12 , 24 , 18 , 30
(41 , *) 6 , 7 , 14 , 13
(42 , *) 6 , 20 , 18 , 34
(43 , *) 6 , 20 , 18 , 4 , 12
(44 , *) 6 , 20 , 13 , 34 , 48 , 41 , 27
(45 , *) 6 , 20 , 13 , 12 , 14
(46 , *) 6 , 24 , 48 , 27
(47 , *) 8 , 32 , 40 , 16 , 24 , 48
(48 , *) 8 , 32 , 11 , 29
(49 , *) 8 , 32 , 11 , 14
(50 , *) 8 , 36 , 40 , 24 , 12
(51 , *) 8 , 36 , 22 , 24
(52 , *) 8 , 36 , 22 , 1 , 43 , 29 , 15
(53 , *) 8 , 9 , 1 , 15
(54 , *) 8 , 9 , 10 , 11 , 12 , 13 , 14
(55 , *) 8 , 9 , 15 , 16
(56 , *) 8 , 10 , 24 , 16 , 22
(57 , *) 8 , 10 , 24 , 12
(58 , *) 8 , 13 , 48 , 43
(59 , *) 8 , 16 , 22 , 15
(60 , *) 10 , 38 , 24 , 26 , 22
(61 , *) 10 , 38 , 42 , 26 , 14
(62 , *) 10 , 9 , 17 , 16
(63 , *) 10 , 13 , 34 , 31
(64 , *) 10 , 14 , 12 , 26
(65 , *) 10 , 18 , 24 , 16 , 17
(66 , *) 10 , 18 , 24 , 26 , 12
(67 , *) 10 , 18 , 17 , 11
(68 , *) 10 , 18 , 11 , 4 , 12
(69 , *) 10 , 22 , 16 , 4
(70 , *) 12 , 4 , 28 , 20
(71 , *) 12 , 9 , 33 , 30
(72 , *) 12 , 11 , 19 , 18
(73 , *) 12 , 13 , 19 , 20
(74 , *) 12 , 26 , 40 , 24 , 28
(75 , *) 12 , 26 , 18 , 19 , 20
(76 , *) 12 , 26 , 20 , 28 , 14
(77 , *) 14 , 35 , 32 , 11
(78 , *) 14 , 35 , 7 , 49 , 42 , 28 , 21
(79 , *) 14 , 38 , 26 , 32 , 20 , 44
(80 , *) 14 , 9 , 49 , 44
(81 , *) 14 , 13 , 21 , 20
(82 , *) 14 , 13 , 21 , 7
(83 , *) 14 , 20 , 28 , 21
(84 , *) 14 , 26 , 28 , 42
(85 , *) 15 , 36 , 18 , 39
(86 , *) 15 , 39 , 18 , 21
(87 , *) 15 , 39 , 47 , 31 , 23
(88 , *) 15 , 43 , 19 , 31 , 47
(89 , *) 15 , 43 , 31 , 29
(90 , *) 15 , 17 , 16 , 9 , 23
(91 , *) 15 , 17 , 16 , 18 , 19 , 20 , 21
(92 , *) 15 , 17 , 1 , 29
(93 , *) 15 , 17 , 29 , 31 , 23
(94 , *) 15 , 22 , 23 , 16
(95 , *) 15 , 22 , 23 , 29
(96 , *) 16 , 32 , 48 , 44 , 20
(97 , *) 16 , 32 , 18 , 24 , 30
(98 , *) 16 , 32 , 18 , 4 , 20
(99 , *) 16 , 32 , 30 , 44
(100 , *) 16 , 37 , 40 , 19
(101 , *) 16 , 17 , 24 , 23
(102 , *) 16 , 22 , 30 , 24 , 23
(103 , *) 20 , 34 , 32 , 48
(104 , *) 20 , 34 , 32 , 18 , 26
(105 , *) 20 , 34 , 26 , 27 , 28
(106 , *) 20 , 38 , 41 , 17
(107 , *) 20 , 19 , 27 , 26
(108 , *) 20 , 19 , 27 , 21 , 13
(109 , *) 20 , 21 , 28 , 27
(110 , *) 21 , 33 , 19 , 27 , 35
(111 , *) 21 , 33 , 35 , 49
(112 , *) 21 , 33 , 45 , 17 , 49
(113 , *) 21 , 33 , 45 , 27 , 39
(114 , *) 21 , 7 , 19 , 35
(115 , *) 21 , 42 , 18 , 39
(116 , *) 21 , 28 , 35 , 27
(117 , *) 25 , 1 , 49 , 33 , 41 , 9 , 17
(118 , *) 25 , 1 , 49 , 43 , 7
(119 , *) 25 , 1 , 4 , 22
(120 , *) 25 , 1 , 4 , 7
(121 , *) 25 , 1 , 22 , 43
(122 , *) 25 , 33 , 32 , 26
(123 , *) 25 , 33 , 32 , 31 , 39
(124 , *) 25 , 33 , 41 , 27 , 39
(125 , *) 25 , 33 , 26 , 27 , 19
(126 , *) 25 , 33 , 19 , 17 , 31
(127 , *) 25 , 37 , 23 , 9
(128 , *) 25 , 37 , 23 , 31 , 39
(129 , *) 25 , 37 , 13 , 9 , 41
(130 , *) 25 , 37 , 13 , 7 , 19 , 43 , 31
(131 , *) 25 , 37 , 39 , 41
(132 , *) 25 , 7 , 49 , 28
(133 , *) 25 , 7 , 4 , 28
(134 , *) 25 , 41 , 13 , 27
(135 , *) 25 , 11 , 9 , 17 , 23
(136 , *) 25 , 11 , 9 , 13
(137 , *) 25 , 11 , 19 , 17 , 18
(138 , *) 25 , 11 , 19 , 27 , 13
(139 , *) 25 , 11 , 39 , 32 , 18 , 4 , 46
(140 , *) 25 , 11 , 39 , 27 , 23
(141 , *) 25 , 43 , 46 , 49
(142 , *) 25 , 43 , 46 , 22
(143 , *) 25 , 49 , 28 , 46
(144 , *) 25 , 22 , 28 , 4 , 46
(145 , *) 25 , 22 , 28 , 23 , 24 , 26 , 27
(146 , *) 25 , 24 , 32 , 18 , 26
(147 , *) 25 , 24 , 32 , 31
(148 , *) 25 , 24 , 18 , 17
(149 , *) 25 , 24 , 23 , 17 , 31
(150 , *) 25 , 26 , 19 , 18
(151 , *) 29 , 11 , 32 , 35
(152 , *) 29 , 36 , 37 , 43
(153 , *) 29 , 36 , 37 , 30
(154 , *) 29 , 36 , 30 , 22
(155 , *) 29 , 22 , 23 , 30
(156 , *) 29 , 31 , 33 , 32 , 34 , 35 , 30
(157 , *) 29 , 31 , 33 , 17 , 45
(158 , *) 29 , 31 , 43 , 45 , 37
(159 , *) 29 , 31 , 37 , 30 , 23
(160 , *) 30 , 32 , 24 , 38 , 31
(161 , *) 30 , 32 , 34 , 18 , 46
(162 , *) 30 , 32 , 44 , 46 , 38
(163 , *) 30 , 36 , 38 , 24 , 22
(164 , *) 30 , 36 , 38 , 44 , 37
(165 , *) 30 , 37 , 38 , 31
(166 , *) 30 , 22 , 46 , 38
(167 , *) 30 , 23 , 24 , 31
(168 , *) 34 , 32 , 40 , 48 , 46
(169 , *) 34 , 32 , 40 , 33 , 26
(170 , *) 34 , 41 , 48 , 40 , 42
(171 , *) 34 , 41 , 33 , 40
(172 , *) 34 , 41 , 33 , 27 , 35
(173 , *) 34 , 41 , 35 , 42
(174 , *) 34 , 42 , 40 , 26 , 28
(175 , *) 34 , 42 , 35 , 28
(176 , *) 34 , 27 , 26 , 33
(177 , *) 34 , 27 , 28 , 35
(178 , *) 34 , 28 , 46 , 40
(179 , *) 35 , 33 , 49 , 41 , 47
(180 , *) 35 , 33 , 19 , 31 , 47
(181 , *) 35 , 42 , 41 , 49
(182 , *) 36 , 18 , 42 , 39
(183 , *) 36 , 43 , 44 , 37
(184 , *) 36 , 38 , 24 , 40
(185 , *) 36 , 38 , 37 , 39 , 40 , 41 , 42
(186 , *) 38 , 32 , 40 , 24 , 26
(187 , *) 38 , 32 , 40 , 46 , 39
(188 , *) 38 , 32 , 31 , 39
(189 , *) 38 , 45 , 44 , 37
(190 , *) 38 , 45 , 44 , 46
(191 , *) 38 , 45 , 46 , 39
(192 , *) 38 , 45 , 31 , 37 , 39
(193 , *) 38 , 26 , 42 , 40
(194 , *) 40 , 47 , 48 , 41
(195 , *) 40 , 47 , 48 , 46
(196 , *) 40 , 47 , 33 , 41 , 39
(197 , *) 40 , 47 , 46 , 39
(198 , *) 40 , 39 , 33 , 32
(199 , *) 42 , 49 , 48 , 41
(200 , *) 44 , 32 , 48 , 46
(201 , *) 44 , 37 , 43 , 45
(202 , *) 44 , 47 , 26 , 23
(203 , *) 44 , 47 , 43 , 48 , 49 , 45 , 46
(204 , *) 45 , 24 , 48 , 27
(205 , *) 45 , 47 , 33 , 49
(206 , *) 45 , 47 , 33 , 31 , 39
(207 , *) 45 , 47 , 43 , 31
(208 , *) 45 , 47 , 39 , 46
(209 , *) 47 , 49 , 41 , 48
;
set V := 1,2,3,4,5,6,7,8,9,10,11,12,13,14,15,16,17,18,19,20,21,22,23,24,25,26,27,28,29,30,31,32,33,34,35,36,37,38,39,40,41,42,43,44,45,46,47,48,49;
set E := (1, 33),(1, 2),(1, 3),(1, 4),(1, 5),(1, 6),(1, 49),(1, 8),(1, 41),(1, 7),(1, 43),(1, 15),(1, 17),(1, 22),(1, 9),(1, 25),(1, 29),(1, 36),(2, 34),(2, 3),(2, 4),(2, 5),(2, 6),(2, 7),(2, 8),(2, 9),(2, 42),(2, 44),(2, 16),(2, 18),(2, 23),(2, 26),(2, 10),(2, 30),(2, 37),(3, 35),(3, 4),(3, 5),(3, 6),(3, 7),(3, 38),(3, 9),(3, 10),(3, 11),(3, 45),(3, 15),(3, 17),(3, 19),(3, 24),(3, 27),(3, 31),(4, 32),(4, 5),(4, 6),(4, 7),(4, 10),(4, 11),(4, 12),(4, 46),(4, 16),(4, 18),(4, 20),(4, 22),(4, 25),(4, 28),(4, 39),(5, 33),(5, 6),(5, 7),(5, 40),(5, 11),(5, 12),(5, 13),(5, 47),(5, 17),(5, 19),(5, 21),(5, 23),(5, 26),(5, 29),(6, 7),(6, 41),(6, 12),(6, 13),(6, 14),(6, 34),(6, 18),(6, 20),(6, 48),(6, 24),(6, 36),(6, 27),(6, 30),(7, 42),(7, 43),(7, 13),(7, 14),(7, 49),(7, 19),(7, 21),(7, 35),(7, 25),(7, 31),(7, 28),(7, 37),(8, 32),(8, 43),(8, 36),(8, 48),(8, 40),(8, 9),(8, 10),(8, 11),(8, 12),(8, 13),(8, 14),(8, 15),(8, 16),(8, 22),(8, 24),(8, 29),(9, 17),(9, 37),(9, 33),(9, 41),(9, 10),(9, 11),(9, 12),(9, 13),(9, 14),(9, 15),(9, 16),(9, 49),(9, 23),(9, 25),(9, 44),(9, 30),(10, 34),(10, 38),(10, 42),(10, 11),(10, 12),(10, 14),(10, 13),(10, 16),(10, 17),(10, 18),(10, 22),(10, 24),(10, 45),(10, 26),(10, 31),(11, 32),(11, 35),(11, 39),(11, 12),(11, 13),(11, 14),(11, 17),(11, 18),(11, 19),(11, 46),(11, 23),(11, 25),(11, 27),(11, 29),(12, 33),(12, 13),(12, 14),(12, 47),(12, 40),(12, 18),(12, 19),(12, 20),(12, 24),(12, 36),(12, 26),(12, 28),(12, 30),(13, 34),(13, 43),(13, 14),(13, 48),(13, 19),(13, 20),(13, 21),(13, 41),(13, 25),(13, 27),(13, 37),(13, 31),(14, 32),(14, 35),(14, 38),(14, 44),(14, 49),(14, 20),(14, 21),(14, 26),(14, 28),(14, 42),(15, 36),(15, 39),(15, 43),(15, 47),(15, 16),(15, 17),(15, 18),(15, 19),(15, 20),(15, 21),(15, 22),(15, 23),(15, 29),(15, 31),(16, 32),(16, 37),(16, 17),(16, 40),(16, 44),(16, 48),(16, 18),(16, 19),(16, 20),(16, 21),(16, 22),(16, 23),(16, 24),(16, 30),(17, 18),(17, 19),(17, 20),(17, 21),(17, 23),(17, 24),(17, 25),(17, 29),(17, 31),(17, 33),(17, 38),(17, 41),(17, 45),(17, 49),(18, 19),(18, 20),(18, 21),(18, 24),(18, 25),(18, 26),(18, 30),(18, 32),(18, 34),(18, 36),(18, 39),(18, 42),(18, 46),(19, 20),(19, 21),(19, 25),(19, 26),(19, 27),(19, 31),(19, 33),(19, 35),(19, 37),(19, 40),(19, 43),(19, 47),(20, 32),(20, 48),(20, 34),(20, 38),(20, 44),(20, 21),(20, 41),(20, 26),(20, 27),(20, 28),(21, 33),(21, 45),(21, 35),(21, 42),(21, 39),(21, 49),(21, 27),(21, 28),(22, 38),(22, 43),(22, 46),(22, 23),(22, 24),(22, 25),(22, 26),(22, 27),(22, 28),(22, 29),(22, 30),(22, 36),(23, 27),(23, 39),(23, 44),(23, 47),(23, 37),(23, 24),(23, 25),(23, 26),(23, 28),(23, 29),(23, 30),(23, 31),(24, 25),(24, 26),(24, 27),(24, 28),(24, 30),(24, 31),(24, 32),(24, 36),(24, 38),(24, 40),(24, 45),(24, 48),(25, 26),(25, 27),(25, 28),(25, 31),(25, 32),(25, 33),(25, 37),(25, 39),(25, 41),(25, 43),(25, 46),(25, 49),(26, 27),(26, 28),(26, 32),(26, 33),(26, 34),(26, 38),(26, 40),(26, 42),(26, 44),(26, 47),(27, 35),(27, 34),(27, 33),(27, 41),(27, 45),(27, 48),(27, 28),(27, 39),(28, 34),(28, 35),(28, 40),(28, 42),(28, 46),(28, 49),(29, 32),(29, 34),(29, 35),(29, 36),(29, 33),(29, 43),(29, 45),(29, 31),(29, 30),(29, 37),(30, 32),(30, 33),(30, 35),(30, 36),(30, 38),(30, 34),(30, 46),(30, 44),(30, 37),(30, 31),(31, 32),(31, 33),(31, 34),(31, 35),(31, 37),(31, 38),(31, 39),(31, 43),(31, 45),(31, 47),(32, 33),(32, 34),(32, 35),(32, 38),(32, 39),(32, 40),(32, 44),(32, 46),(32, 48),(33, 34),(33, 35),(33, 39),(33, 40),(33, 41),(33, 45),(33, 47),(33, 49),(34, 35),(34, 40),(34, 41),(34, 46),(34, 48),(34, 42),(35, 41),(35, 42),(35, 47),(35, 49),(36, 37),(36, 39),(36, 42),(36, 43),(36, 44),(36, 40),(36, 41),(36, 38),(37, 38),(37, 40),(37, 42),(37, 43),(37, 44),(37, 45),(37, 39),(37, 41),(38, 39),(38, 40),(38, 41),(38, 44),(38, 45),(38, 46),(38, 42),(39, 40),(39, 47),(39, 41),(39, 45),(39, 46),(39, 42),(40, 41),(40, 42),(40, 46),(40, 47),(40, 48),(41, 42),(41, 47),(41, 48),(41, 49),(42, 48),(42, 49),(43, 45),(43, 44),(43, 46),(43, 48),(43, 49),(43, 47),(44, 48),(44, 45),(44, 47),(44, 49),(44, 46),(45, 46),(45, 47),(45, 48),(45, 49),(46, 47),(46, 48),(46, 49),(47, 48),(47, 49),(48, 49);
set Idx := 0,1,2,3,4,5,6,7,8,9,10,11,12,13,14,15,16,17,18,19,20,21,22,23,24,25,26,27,28,29,30,31,32,33,34,35,36,37,38,39,40,41,42,43,44,45,46,47,48,49,50,51,52,53,54,55,56,57,58,59,60,61,62,63,64,65,66,67,68,69,70,71,72,73,74,75,76,77,78,79,80,81,82,83,84,85,86,87,88,89,90,91,92,93,94,95,96,97,98,99,100,101,102,103,104,105,106,107,108,109,110,111,112,113,114,115,116,117,118,119,120,121,122,123,124,125,126,127,128,129,130,131,132,133,134,135,136,137,138,139,140,141,142,143,144,145,146,147,148,149,150,151,152,153,154,155,156,157,158,159,160,161,162,163,164,165,166,167,168,169,170,171,172,173,174,175,176,177,178,179,180,181,182,183,184,185,186,187,188,189,190,191,192,193,194,195,196,197,198,199,200,201,202,203,204,205,206,207,208,209;
set cnt := (170, 5),(110, 5),(196, 5),(14, 4),(13, 4),(19, 4),(18, 4),(179, 5),(39, 4),(97, 5),(123, 5),(2, 5),(8, 5),(81, 4),(28, 5),(183, 4),(101, 4),(188, 4),(107, 4),(106, 4),(127, 4),(146, 5),(172, 5),(91, 7),(90, 5),(129, 5),(96, 5),(149, 5),(20, 4),(93, 5),(134, 4),(133, 4),(57, 4),(77, 4),(83, 4),(82, 4),(103, 4),(128, 5),(201, 4),(66, 5),(130, 7),(206, 5),(75, 5),(53, 4),(59, 4),(58, 4),(64, 4),(84, 4),(38, 5),(177, 4),(198, 4),(197, 4),(202, 4),(121, 4),(208, 4),(68, 5),(25, 5),(45, 5),(47, 6),(186, 5),(192, 5),(126, 5),(33, 7),(30, 4),(29, 4),(169, 5),(55, 4),(113, 5),(153, 4),(173, 4),(178, 4),(184, 4),(199, 4),(1, 5),(204, 4),(21, 5),(122, 4),(158, 5),(162, 5),(168, 5),(102, 5),(9, 7),(6, 4),(5, 4),(11, 4),(10, 4),(112, 5),(31, 4),(150, 4),(155, 4),(154, 4),(73, 4),(175, 4),(94, 4),(156, 7),(117, 7),(99, 4),(119, 4),(139, 7),(138, 5),(23, 5),(144, 5),(164, 5),(88, 5),(7, 4),(65, 5),(108, 5),(12, 4),(131, 4),(49, 4),(136, 4),(151, 4),(70, 4),(69, 4),(80, 4),(95, 4),(100, 4),(193, 4),(140, 5),(61, 5),(203, 7),(87, 5),(46, 4),(132, 4),(51, 4),(71, 4),(52, 7),(190, 4),(34, 5),(189, 4),(195, 4),(194, 4),(200, 4),(60, 5),(174, 5),(43, 5),(118, 5),(22, 4),(161, 5),(27, 4),(32, 4),(187, 5),(105, 5),(125, 5),(166, 4),(165, 4),(16, 5),(171, 4),(89, 4),(176, 4),(36, 5),(191, 4),(109, 4),(115, 4),(114, 4),(120, 4),(0, 6),(160, 5),(180, 5),(137, 5),(98, 5),(3, 4),(104, 5),(157, 5),(163, 5),(124, 5),(4, 7),(145, 7),(142, 4),(141, 4),(147, 4),(152, 4),(167, 4),(86, 4),(85, 4),(111, 4),(15, 5),(116, 4),(209, 4),(74, 5),(159, 5),(78, 7),(79, 6),(41, 4),(143, 4),(62, 4),(148, 4),(67, 4),(72, 4),(92, 4),(50, 5),(205, 4),(56, 5),(76, 5),(135, 5),(54, 7),(40, 6),(17, 4),(37, 4),(42, 4),(24, 7),(48, 4),(63, 4),(44, 7),(185, 7),(182, 4),(26, 5),(181, 4),(207, 4),(35, 5);