set Q := 
(0 , *) 2 , 20 , 8 , 14
(1 , *) 2 , 20 , 17 , 5
(2 , *) 2 , 4 , 3 , 8
(3 , *) 2 , 4 , 3 , 1 , 5
(4 , *) 2 , 4 , 12 , 8 , 14
(5 , *) 2 , 14 , 22 , 12
(6 , *) 2 , 7 , 1 , 3
(7 , *) 2 , 7 , 1 , 6
(8 , *) 2 , 7 , 3 , 8
(9 , *) 2 , 7 , 12 , 8 , 6
(10 , *) 2 , 7 , 12 , 17 , 22
(11 , *) 4 , 16 , 8 , 12
(12 , *) 4 , 16 , 1 , 19
(13 , *) 4 , 12 , 24 , 14
(14 , *) 4 , 9 , 3 , 8
(15 , *) 4 , 9 , 3 , 5
(16 , *) 4 , 9 , 5 , 10
(17 , *) 4 , 9 , 14 , 8 , 10
(18 , *) 4 , 9 , 14 , 24 , 19
(19 , *) 6 , 16 , 8 , 18 , 12
(20 , *) 6 , 16 , 11 , 1 , 21
(21 , *) 6 , 16 , 11 , 12
(22 , *) 6 , 24 , 9 , 21
(23 , *) 6 , 24 , 18 , 12
(24 , *) 6 , 18 , 8 , 10
(25 , *) 6 , 7 , 9 , 8 , 10
(26 , *) 6 , 7 , 11 , 1
(27 , *) 6 , 7 , 11 , 12
(28 , *) 10 , 25 , 20 , 5 , 15
(29 , *) 10 , 25 , 22 , 7
(30 , *) 10 , 5 , 9 , 15
(31 , *) 10 , 14 , 8 , 18 , 20
(32 , *) 10 , 14 , 22 , 18
(33 , *) 10 , 14 , 15 , 9
(34 , *) 10 , 14 , 15 , 20
(35 , *) 13 , 3 , 18 , 8 , 23
(36 , *) 13 , 3 , 23 , 11 , 15
(37 , *) 13 , 3 , 15 , 9 , 5
(38 , *) 13 , 3 , 5 , 1
(39 , *) 13 , 3 , 7 , 8 , 9
(40 , *) 13 , 3 , 7 , 1 , 11
(41 , *) 13 , 12 , 8 , 18 , 14
(42 , *) 13 , 12 , 8 , 7
(43 , *) 13 , 12 , 18 , 17
(44 , *) 13 , 12 , 11 , 17 , 7
(45 , *) 13 , 12 , 11 , 14 , 15
(46 , *) 13 , 14 , 9 , 8
(47 , *) 13 , 14 , 9 , 19 , 15
(48 , *) 13 , 14 , 19 , 18
(49 , *) 13 , 17 , 9 , 19 , 7
(50 , *) 13 , 17 , 9 , 21 , 5
(51 , *) 13 , 17 , 18 , 19 , 23
(52 , *) 13 , 17 , 11 , 23 , 21
(53 , *) 13 , 19 , 1 , 25 , 7
(54 , *) 13 , 19 , 25 , 23 , 15
(55 , *) 13 , 21 , 1 , 25 , 5
(56 , *) 13 , 21 , 1 , 11
(57 , *) 13 , 21 , 25 , 23
(58 , *) 13 , 25 , 5 , 15
(59 , *) 16 , 8 , 18 , 20
(60 , *) 16 , 17 , 18 , 19 , 20
(61 , *) 16 , 17 , 18 , 12 , 22
(62 , *) 16 , 17 , 11 , 12
(63 , *) 16 , 17 , 11 , 21
(64 , *) 16 , 17 , 21 , 22
(65 , *) 20 , 24 , 19 , 25
(66 , *) 20 , 24 , 19 , 18 , 14
(67 , *) 20 , 19 , 15 , 25
(68 , *) 20 , 19 , 15 , 14
(69 , *) 22 , 24 , 25 , 21 , 23
(70 , *) 22 , 24 , 18 , 12 , 14
(71 , *) 22 , 24 , 18 , 23
(72 , *) 22 , 17 , 23 , 18
(73 , *) 22 , 17 , 23 , 21
(74 , *) 24 , 19 , 23 , 25
(75 , *) 24 , 19 , 23 , 18
;
set V := 1,2,3,4,5,6,7,8,9,10,11,12,13,14,15,16,17,18,19,20,21,22,23,24,25;
set E := (1, 2),(1, 3),(1, 4),(1, 5),(1, 6),(1, 7),(1, 11),(1, 13),(1, 16),(1, 19),(1, 21),(1, 25),(2, 3),(2, 4),(2, 5),(2, 6),(2, 7),(2, 8),(2, 12),(2, 14),(2, 17),(2, 20),(2, 22),(3, 4),(3, 5),(3, 7),(3, 8),(3, 9),(3, 11),(3, 13),(3, 15),(3, 18),(3, 23),(4, 5),(4, 8),(4, 9),(4, 10),(4, 12),(4, 14),(4, 16),(4, 19),(4, 24),(5, 9),(5, 10),(5, 13),(5, 15),(5, 17),(5, 20),(5, 21),(5, 25),(6, 7),(6, 8),(6, 9),(6, 10),(6, 11),(6, 12),(6, 16),(6, 18),(6, 21),(6, 24),(7, 8),(7, 9),(7, 10),(7, 11),(7, 12),(7, 13),(7, 17),(7, 19),(7, 22),(7, 25),(8, 9),(8, 10),(8, 12),(8, 13),(8, 14),(8, 16),(8, 18),(8, 20),(8, 23),(9, 10),(9, 13),(9, 14),(9, 15),(9, 17),(9, 19),(9, 21),(9, 24),(10, 14),(10, 15),(10, 18),(10, 20),(10, 22),(10, 25),(11, 12),(11, 13),(11, 14),(11, 15),(11, 16),(11, 17),(11, 21),(11, 23),(12, 13),(12, 14),(12, 15),(12, 16),(12, 17),(12, 18),(12, 22),(12, 24),(13, 14),(13, 15),(13, 17),(13, 18),(13, 19),(13, 21),(13, 23),(13, 25),(14, 15),(14, 18),(14, 19),(14, 20),(14, 22),(14, 24),(15, 19),(15, 20),(15, 23),(15, 25),(16, 17),(16, 18),(16, 19),(16, 20),(16, 21),(16, 22),(17, 18),(17, 19),(17, 20),(17, 21),(17, 22),(17, 23),(18, 19),(18, 20),(18, 22),(18, 23),(18, 24),(19, 20),(19, 23),(19, 24),(19, 25),(20, 24),(20, 25),(21, 22),(21, 23),(21, 24),(21, 25),(22, 23),(22, 24),(22, 25),(23, 24),(23, 25),(24, 25);
set Idx := 0,1,2,3,4,5,6,7,8,9,10,11,12,13,14,15,16,17,18,19,20,21,22,23,24,25,26,27,28,29,30,31,32,33,34,35,36,37,38,39,40,41,42,43,44,45,46,47,48,49,50,51,52,53,54,55,56,57,58,59,60,61,62,63,64,65,66,67,68,69,70,71,72,73,74,75;
set cnt := (23, 4),(55, 5),(75, 4),(74, 4),(14, 4),(13, 4),(25, 5),(35, 5),(45, 5),(54, 5),(24, 4),(51, 5),(65, 4),(30, 4),(29, 4),(41, 5),(34, 4),(61, 5),(70, 5),(28, 5),(46, 4),(18, 5),(31, 5),(56, 4),(44, 5),(71, 4),(0, 4),(15, 4),(62, 4),(47, 5),(40, 5),(67, 4),(72, 4),(60, 5),(6, 4),(5, 4),(17, 5),(11, 4),(37, 5),(57, 4),(16, 4),(4, 5),(50, 5),(1, 4),(22, 4),(21, 4),(27, 4),(26, 4),(53, 5),(32, 4),(20, 5),(73, 4),(66, 5),(3, 5),(38, 4),(10, 5),(49, 5),(43, 4),(42, 4),(69, 5),(48, 4),(36, 5),(63, 4),(68, 4),(33, 4),(19, 5),(7, 4),(12, 4),(39, 5),(58, 4),(59, 4),(64, 4),(52, 5),(9, 5),(2, 4),(8, 4);